Number of cells: 30 x 1
  K matrix = 60 x 60
True	Pr: {5593.86, 5415.32, 5237.45, 5059.59, 4881.72, 4703.85, 4525.99, 4348.12, 4170.26, 3992.39, 3814.52, 3636.66, 3458.79, 3280.93, 3103.06, 2925.19, 2747.33, 2569.46, 2391.6, 2213.73, 2035.86, 1858, 1680.13, 1502.27, 1324.4, 1146.53, 968.668, 790.802, 612.936, 435.07}	Sw: {0.209538, 0.200184, 0.2, 0.2, 0.2, 0.2, 0.2, 0.2, 0.2, 0.2, 0.2, 0.2, 0.2, 0.2, 0.2, 0.2, 0.2, 0.2, 0.2, 0.2, 0.2, 0.2, 0.2, 0.2, 0.2, 0.2, 0.2, 0.2, 0.2, 0.2}
  Jacobi
0	Pr: {340, 340, 340, 340, 340, 340, 340, 340, 340, 340, 340, 340, 340, 340, 340, 340, 340, 340, 340, 340, 340, 340, 340, 340, 340, 340, 340, 340, 340, 340}	Sw: {0.2, 0.2, 0.2, 0.2, 0.2, 0.2, 0.2, 0.2, 0.2, 0.2, 0.2, 0.2, 0.2, 0.2, 0.2, 0.2, 0.2, 0.2, 0.2, 0.2, 0.2, 0.2, 0.2, 0.2, 0.2, 0.2, 0.2, 0.2, 0.2, 0.2}
10	Pr: {779.094, 604.251, 510.003, 420.902, 387.457, 355.685, 348.398, 341.433, 340.703, 340, 340, 340, 340, 340, 340, 340, 340, 340, 340, 340, 339.988, 339.975, 339.856, 339.736, 339.214, 338.693, 337.354, 336.014, 333.781, 331.547}	Sw: {0.209583, 0.200139, 0.2, 0.2, 0.2, 0.2, 0.2, 0.2, 0.2, 0.2, 0.2, 0.2, 0.2, 0.2, 0.2, 0.2, 0.2, 0.2, 0.2, 0.2, 0.2, 0.2, 0.2, 0.2, 0.2, 0.2, 0.2, 0.2, 0.2, 0.2}	Convergence: 0.0719677
20	Pr: {968.374, 793.961, 674.383, 561.491, 494.997, 432.177, 401.194, 371.882, 360.072, 348.877, 345.302, 341.905, 341.081, 340.295, 340.157, 340.024, 339.997, 339.97, 339.915, 339.859, 339.688, 339.516, 339.095, 338.675, 337.853, 337.032, 335.733, 334.434, 332.754, 331.075}	Sw: {0.209567, 0.200155, 0.2, 0.2, 0.2, 0.2, 0.2, 0.2, 0.2, 0.2, 0.2, 0.2, 0.2, 0.2, 0.2, 0.2, 0.2, 0.2, 0.2, 0.2, 0.2, 0.2, 0.2, 0.2, 0.2, 0.2, 0.2, 0.2, 0.2, 0.2}	Convergence: 0.0402598
30	Pr: {1112.62, 938.25, 807.329, 683.566, 599.024, 519.14, 470.177, 423.907, 398.722, 374.91, 363.521, 352.743, 348.259, 344.01, 342.477, 341.021, 340.528, 340.056, 339.802, 339.554, 339.222, 338.891, 338.329, 337.767, 336.898, 336.028, 334.85, 333.671, 332.271, 330.872}	Sw: {0.20956, 0.200162, 0.2, 0.2, 0.2, 0.2, 0.2, 0.2, 0.2, 0.2, 0.2, 0.2, 0.2, 0.2, 0.2, 0.2, 0.2, 0.2, 0.2, 0.2, 0.2, 0.2, 0.2, 0.2, 0.2, 0.2, 0.2, 0.2, 0.2, 0.2}	Convergence: 0.0299318
40	Pr: {1233.86, 1059.46, 921.78, 791.427, 695.263, 604.301, 542.204, 483.495, 446.636, 411.794, 391.791, 372.879, 362.996, 353.647, 349.196, 344.98, 343.1, 341.311, 340.45, 339.622, 339.024, 338.436, 337.766, 337.098, 336.229, 335.36, 334.281, 333.202, 331.977, 330.753}	Sw: {0.209557, 0.200166, 0.2, 0.2, 0.2, 0.2, 0.2, 0.2, 0.2, 0.2, 0.2, 0.2, 0.2, 0.2, 0.2, 0.2, 0.2, 0.2, 0.2, 0.2, 0.2, 0.2, 0.2, 0.2, 0.2, 0.2, 0.2, 0.2, 0.2, 0.2}	Convergence: 0.0235623
50	Pr: {1340.5, 1166.04, 1023.76, 888.858, 784.442, 685.549, 613.472, 545.262, 498.648, 454.557, 426.409, 399.791, 383.958, 368.983, 360.676, 352.815, 348.696, 344.789, 342.753, 340.81, 339.655, 338.536, 337.64, 336.757, 335.842, 334.932, 333.912, 332.893, 331.783, 330.674}	Sw: {0.209554, 0.200168, 0.2, 0.2, 0.2, 0.2, 0.2, 0.2, 0.2, 0.2, 0.2, 0.2, 0.2, 0.2, 0.2, 0.2, 0.2, 0.2, 0.2, 0.2, 0.2, 0.2, 0.2, 0.2, 0.2, 0.2, 0.2, 0.2, 0.2, 0.2}	Convergence: 0.0199274
60	Pr: {1436.81, 1262.28, 1116.62, 978.321, 867.668, 762.734, 682.781, 607.037, 552.254, 500.391, 464.879, 431.276, 409.53, 388.957, 376.369, 364.456, 357.519, 350.945, 347.217, 343.671, 341.592, 339.598, 338.256, 336.952, 335.869, 334.802, 333.765, 332.734, 331.681, 330.629}	Sw: {0.209552, 0.20017, 0.2, 0.2, 0.2, 0.2, 0.2, 0.2, 0.2, 0.2, 0.2, 0.2, 0.2, 0.2, 0.2, 0.2, 0.2, 0.2, 0.2, 0.2, 0.2, 0.2, 0.2, 0.2, 0.2, 0.2, 0.2, 0.2, 0.2, 0.2}	Convergence: 0.0170009
70	Pr: {1525.3, 1350.7, 1202.43, 1061.47, 945.888, 836.15, 749.794, 667.894, 606.191, 547.722, 505.637, 465.783, 438.412, 412.502, 395.521, 379.446, 369.357, 359.798, 353.985, 348.465, 345.117, 341.922, 339.878, 337.91, 336.487, 335.099, 333.933, 332.781, 331.701, 330.627}	Sw: {0.209551, 0.200171, 0.2, 0.2, 0.2, 0.2, 0.2, 0.2, 0.2, 0.2, 0.2, 0.2, 0.2, 0.2, 0.2, 0.2, 0.2, 0.2, 0.2, 0.2, 0.2, 0.2, 0.2, 0.2, 0.2, 0.2, 0.2, 0.2, 0.2, 0.2}	Convergence: 0.0151562
80	Pr: {1607.62, 1432.94, 1282.58, 1139.45, 1019.86, 906.18, 814.491, 727.439, 659.799, 595.643, 547.7, 502.26, 469.64, 438.738, 417.427, 397.243, 383.844, 371.149, 362.984, 355.238, 350.336, 345.671, 342.676, 339.809, 337.853, 335.961, 334.52, 333.11, 331.892, 330.684}	Sw: {0.20955, 0.200172, 0.2, 0.2, 0.2, 0.2, 0.2, 0.2, 0.2, 0.2, 0.2, 0.2, 0.2, 0.2, 0.2, 0.2, 0.2, 0.2, 0.2, 0.2, 0.2, 0.2, 0.2, 0.2, 0.2, 0.2, 0.2, 0.2, 0.2, 0.2}	Convergence: 0.0135747
90	Pr: {1684.89, 1510.15, 1358.06, 1213.12, 1090.18, 973.187, 876.97, 785.526, 712.731, 643.619, 590.442, 539.997, 502.516, 466.983, 441.495, 417.339, 400.59, 384.716, 374.036, 363.906, 357.233, 350.891, 346.727, 342.753, 340.069, 337.488, 335.613, 333.789, 332.294, 330.818}	Sw: {0.209549, 0.200173, 0.2, 0.2, 0.2, 0.2, 0.2, 0.2, 0.2, 0.2, 0.2, 0.2, 0.2, 0.2, 0.2, 0.2, 0.2, 0.2, 0.2, 0.2, 0.2, 0.2, 0.2, 0.2, 0.2, 0.2, 0.2, 0.2, 0.2, 0.2}	Convergence: 0.012255
100	Pr: {1757.94, 1583.14, 1429.59, 1283.11, 1157.32, 1037.49, 937.372, 842.125, 764.806, 691.33, 633.453, 578.502, 536.537, 496.72, 467.248, 439.298, 419.232, 400.204, 386.923, 374.323, 365.723, 357.553, 352.036, 346.778, 343.185, 339.741, 337.263, 334.862, 332.936, 331.04}	Sw: {0.209548, 0.200174, 0.2, 0.2, 0.2, 0.2, 0.2, 0.2, 0.2, 0.2, 0.2, 0.2, 0.2, 0.2, 0.2, 0.2, 0.2, 0.2, 0.2, 0.2, 0.2, 0.2, 0.2, 0.2, 0.2, 0.2, 0.2, 0.2, 0.2, 0.2}	Convergence: 0.01131
110	Pr: {1827.4, 1652.53, 1497.73, 1349.92, 1221.66, 1099.38, 995.846, 897.265, 815.937, 738.582, 676.464, 617.437, 571.332, 527.555, 494.308, 462.756, 439.448, 417.334, 401.417, 386.313, 375.678, 365.575, 358.555, 351.871, 347.203, 342.736, 339.489, 336.351, 333.832, 331.356}	Sw: {0.209548, 0.200174, 0.2, 0.2, 0.2, 0.2, 0.2, 0.2, 0.2, 0.2, 0.2, 0.2, 0.2, 0.2, 0.2, 0.2, 0.2, 0.2, 0.2, 0.2, 0.2, 0.2, 0.2, 0.2, 0.2, 0.2, 0.2, 0.2, 0.2, 0.2}	Convergence: 0.0104404
120	Pr: {1893.73, 1718.8, 1562.92, 1413.94, 1283.53, 1159.08, 1052.54, 951, 866.09, 785.26, 719.295, 656.56, 606.631, 559.186, 522.374, 487.414, 460.964, 435.853, 417.305, 399.695, 386.954, 374.848, 366.207, 357.979, 352.091, 346.459, 342.285, 338.254, 334.982, 331.767}	Sw: {0.209547, 0.200175, 0.2, 0.2, 0.2, 0.2, 0.2, 0.2, 0.2, 0.2, 0.2, 0.2, 0.2, 0.2, 0.2, 0.2, 0.2, 0.2, 0.2, 0.2, 0.2, 0.2, 0.2, 0.2, 0.2, 0.2, 0.2, 0.2, 0.2, 0.2}	Convergence: 0.00966436
130	Pr: {1957.33, 1782.35, 1625.51, 1475.5, 1343.18, 1216.8, 1107.58, 1003.4, 915.264, 831.296, 761.824, 695.702, 642.231, 591.382, 551.206, 513.025, 483.545, 455.54, 434.387, 414.294, 399.405, 385.252, 374.894, 365.03, 357.794, 350.872, 345.626, 340.558, 336.378, 332.271}	Sw: {0.209547, 0.200175, 0.2, 0.2, 0.2, 0.2, 0.2, 0.2, 0.2, 0.2, 0.2, 0.2, 0.2, 0.2, 0.2, 0.2, 0.2, 0.2, 0.2, 0.2, 0.2, 0.2, 0.2, 0.2, 0.2, 0.2, 0.2, 0.2, 0.2, 0.2}	Convergence: 0.00909107
140	Pr: {2018.51, 1843.47, 1685.78, 1534.85, 1400.82, 1272.72, 1161.09, 1054.53, 963.474, 876.655, 803.97, 734.737, 677.979, 623.963, 580.613, 539.387, 506.993, 476.199, 452.485, 429.944, 412.884, 396.659, 384.513, 372.938, 364.246, 355.923, 349.472, 343.236, 338.004, 332.861}	Sw: {0.209546, 0.200176, 0.2, 0.2, 0.2, 0.2, 0.2, 0.2, 0.2, 0.2, 0.2, 0.2, 0.2, 0.2, 0.2, 0.2, 0.2, 0.2, 0.2, 0.2, 0.2, 0.2, 0.2, 0.2, 0.2, 0.2, 0.2, 0.2, 0.2, 0.2}	Convergence: 0.00854819
150	Pr: {2077.52, 1902.43, 1743.99, 1592.21, 1456.66, 1327, 1213.19, 1104.46, 1010.74, 921.321, 845.679, 773.577, 713.757, 656.787, 610.44, 566.332, 531.139, 497.661, 471.437, 446.493, 427.256, 408.947, 394.956, 381.613, 371.37, 361.555, 353.78, 346.258, 339.842, 333.531}	Sw: {0.209546, 0.200176, 0.2, 0.2, 0.2, 0.2, 0.2, 0.2, 0.2, 0.2, 0.2, 0.2, 0.2, 0.2, 0.2, 0.2, 0.2, 0.2, 0.2, 0.2, 0.2, 0.2, 0.2, 0.2, 0.2, 0.2, 0.2, 0.2, 0.2, 0.2}	Convergence: 0.00804027
160	Pr: {2134.57, 1959.44, 1800.31, 1647.78, 1510.84, 1379.76, 1263.96, 1153.26, 1057.11, 965.289, 886.915, 812.156, 749.476, 689.741, 640.559, 593.72, 555.839, 519.78, 491.102, 463.805, 442.394, 422, 406.121, 390.964, 379.093, 367.704, 358.502, 349.589, 341.871, 334.274}	Sw: {0.209546, 0.200177, 0.2, 0.2, 0.2, 0.2, 0.2, 0.2, 0.2, 0.2, 0.2, 0.2, 0.2, 0.2, 0.2, 0.2, 0.2, 0.2, 0.2, 0.2, 0.2, 0.2, 0.2, 0.2, 0.2, 0.2, 0.2, 0.2, 0.2, 0.2}	Convergence: 0.00761848
170	Pr: {2189.86, 2014.68, 1854.93, 1701.7, 1563.5, 1431.12, 1313.51, 1201, 1102.59, 1008.56, 927.655, 850.424, 785.066, 722.736, 670.867, 621.436, 580.972, 542.429, 511.355, 481.755, 458.181, 435.707, 417.91, 400.905, 387.338, 374.308, 363.589, 353.193, 344.069, 335.082}	Sw: {0.209545, 0.200177, 0.2, 0.2, 0.2, 0.2, 0.2, 0.2, 0.2, 0.2, 0.2, 0.2, 0.2, 0.2, 0.2, 0.2, 0.2, 0.2, 0.2, 0.2, 0.2, 0.2, 0.2, 0.2, 0.2, 0.2, 0.2, 0.2, 0.2, 0.2}	Convergence: 0.00724773
180	Pr: {2243.52, 2068.3, 1907.98, 1754.12, 1614.76, 1481.18, 1361.9, 1247.72, 1147.23, 1051.16, 967.884, 888.346, 820.471, 755.697, 701.277, 649.379, 606.434, 565.496, 532.084, 500.233, 474.512, 449.97, 430.233, 411.353, 396.037, 381.31, 368.995, 357.038, 346.415, 335.945}	Sw: {0.209545, 0.200177, 0.2, 0.2, 0.2, 0.2, 0.2, 0.2, 0.2, 0.2, 0.2, 0.2, 0.2, 0.2, 0.2, 0.2, 0.2, 0.2, 0.2, 0.2, 0.2, 0.2, 0.2, 0.2, 0.2, 0.2, 0.2, 0.2, 0.2, 0.2}	Convergence: 0.00689211
190	Pr: {2295.7, 2120.44, 1959.6, 1805.14, 1664.72, 1530.04, 1409.21, 1293.48, 1191.06, 1093.08, 1007.6, 925.895, 855.647, 788.565, 731.717, 677.468, 632.133, 588.886, 553.194, 519.141, 491.294, 464.698, 443.005, 422.232, 405.124, 388.652, 374.676, 361.09, 348.89, 336.858}	Sw: {0.209545, 0.200177, 0.2, 0.2, 0.2, 0.2, 0.2, 0.2, 0.2, 0.2, 0.2, 0.2, 0.2, 0.2, 0.2, 0.2, 0.2, 0.2, 0.2, 0.2, 0.2, 0.2, 0.2, 0.2, 0.2, 0.2, 0.2, 0.2, 0.2, 0.2}	Convergence: 0.00655353
200	Pr: {2346.51, 2171.2, 2009.89, 1854.88, 1713.47, 1577.77, 1455.51, 1338.33, 1234.11, 1134.34, 1046.78, 963.05, 890.56, 821.292, 762.128, 705.632, 657.993, 612.516, 574.598, 538.393, 508.442, 479.81, 456.153, 433.474, 414.538, 396.283, 380.591, 365.319, 351.475, 337.813}	Sw: {0.209545, 0.200178, 0.2, 0.2, 0.2, 0.2, 0.2, 0.2, 0.2, 0.2, 0.2, 0.2, 0.2, 0.2, 0.2, 0.2, 0.2, 0.2, 0.2, 0.2, 0.2, 0.2, 0.2, 0.2, 0.2, 0.2, 0.2, 0.2, 0.2, 0.2}	Convergence: 0.00624216
210	Pr: {2396.05, 2220.7, 2058.95, 1903.43, 1761.1, 1624.44, 1500.84, 1382.31, 1276.4, 1174.96, 1085.45, 999.798, 925.18, 853.836, 792.459, 733.809, 683.947, 636.313, 596.223, 557.913, 525.881, 495.233, 469.608, 445.016, 424.224, 404.157, 386.703, 369.697, 354.154, 338.804}	Sw: {0.209544, 0.200178, 0.2, 0.2, 0.2, 0.2, 0.2, 0.2, 0.2, 0.2, 0.2, 0.2, 0.2, 0.2, 0.2, 0.2, 0.2, 0.2, 0.2, 0.2, 0.2, 0.2, 0.2, 0.2, 0.2, 0.2, 0.2, 0.2, 0.2, 0.2}	Convergence: 0.00597605
220	Pr: {2444.41, 2269.02, 2106.85, 1950.85, 1807.67, 1670.12, 1545.26, 1425.46, 1317.97, 1214.95, 1123.6, 1036.13, 959.487, 886.164, 822.666, 761.95, 709.938, 660.216, 618.003, 577.633, 543.547, 510.901, 483.31, 456.802, 434.134, 412.23, 392.978, 374.2, 356.909, 339.824}	Sw: {0.209544, 0.200178, 0.2, 0.2, 0.2, 0.2, 0.2, 0.2, 0.2, 0.2, 0.2, 0.2, 0.2, 0.2, 0.2, 0.2, 0.2, 0.2, 0.2, 0.2, 0.2, 0.2, 0.2, 0.2, 0.2, 0.2, 0.2, 0.2, 0.2, 0.2}	Convergence: 0.00571848
230	Pr: {2491.66, 2316.23, 2153.68, 1997.23, 1853.25, 1714.85, 1588.82, 1467.83, 1358.84, 1254.32, 1161.22, 1072.03, 993.461, 918.248, 852.714, 790.01, 735.917, 684.168, 639.882, 597.494, 561.38, 526.759, 497.206, 468.782, 444.224, 420.466, 399.386, 378.805, 359.728, 340.869}	Sw: {0.209544, 0.200178, 0.2, 0.2, 0.2, 0.2, 0.2, 0.2, 0.2, 0.2, 0.2, 0.2, 0.2, 0.2, 0.2, 0.2, 0.2, 0.2, 0.2, 0.2, 0.2, 0.2, 0.2, 0.2, 0.2, 0.2, 0.2, 0.2, 0.2, 0.2}	Convergence: 0.00547067
240	Pr: {2537.87, 2362.41, 2199.49, 2042.62, 1897.88, 1758.7, 1631.55, 1509.43, 1399.03, 1293.1, 1198.34, 1107.5, 1027.09, 950.065, 882.572, 817.952, 761.841, 708.123, 661.81, 617.445, 579.329, 542.755, 511.247, 480.912, 454.454, 428.83, 405.899, 383.491, 362.598, 341.933}	Sw: {0.209544, 0.200178, 0.2, 0.2, 0.2, 0.2, 0.2, 0.2, 0.2, 0.2, 0.2, 0.2, 0.2, 0.2, 0.2, 0.2, 0.2, 0.2, 0.2, 0.2, 0.2, 0.2, 0.2, 0.2, 0.2, 0.2, 0.2, 0.2, 0.2, 0.2}	Convergence: 0.00523331
250	Pr: {2583.1, 2407.61, 2244.35, 2087.08, 1941.63, 1801.69, 1673.5, 1550.31, 1438.56, 1331.28, 1234.94, 1142.53, 1060.36, 981.596, 912.214, 845.743, 787.673, 732.04, 683.744, 637.441, 597.35, 558.845, 525.393, 493.152, 464.79, 437.293, 412.495, 388.24, 365.508, 343.013}	Sw: {0.209544, 0.200179, 0.2, 0.2, 0.2, 0.2, 0.2, 0.2, 0.2, 0.2, 0.2, 0.2, 0.2, 0.2, 0.2, 0.2, 0.2, 0.2, 0.2, 0.2, 0.2, 0.2, 0.2, 0.2, 0.2, 0.2, 0.2, 0.2, 0.2, 0.2}	Convergence: 0.00500669
260	Pr: {2627.41, 2451.89, 2288.31, 2130.66, 1984.53, 1843.88, 1714.69, 1590.48, 1477.46, 1368.9, 1271.04, 1177.13, 1093.26, 1012.82, 941.619, 873.356, 813.383, 755.884, 705.646, 657.442, 615.403, 574.99, 539.606, 505.469, 475.201, 445.827, 419.151, 393.038, 368.448, 344.104}	Sw: {0.209544, 0.200179, 0.2, 0.2, 0.2, 0.2, 0.2, 0.2, 0.2, 0.2, 0.2, 0.2, 0.2, 0.2, 0.2, 0.2, 0.2, 0.2, 0.2, 0.2, 0.2, 0.2, 0.2, 0.2, 0.2, 0.2, 0.2, 0.2, 0.2, 0.2}	Convergence: 0.00479088
270	Pr: {2670.85, 2495.29, 2331.41, 2173.4, 2026.63, 1885.3, 1755.16, 1629.98, 1515.73, 1405.95, 1306.64, 1211.28, 1125.78, 1043.74, 970.767, 900.769, 838.942, 779.625, 727.484, 677.414, 633.454, 591.157, 553.855, 517.832, 485.66, 454.409, 425.849, 397.868, 371.409, 345.204}	Sw: {0.209543, 0.200179, 0.2, 0.2, 0.2, 0.2, 0.2, 0.2, 0.2, 0.2, 0.2, 0.2, 0.2, 0.2, 0.2, 0.2, 0.2, 0.2, 0.2, 0.2, 0.2, 0.2, 0.2, 0.2, 0.2, 0.2, 0.2, 0.2, 0.2, 0.2}	Convergence: 0.00458573
280	Pr: {2713.45, 2537.86, 2373.69, 2215.33, 2067.96, 1925.98, 1794.94, 1668.83, 1553.41, 1442.45, 1341.74, 1245, 1157.93, 1074.33, 999.645, 927.96, 864.328, 803.235, 749.229, 697.328, 651.474, 607.314, 568.11, 530.214, 496.145, 463.019, 432.572, 402.72, 374.384, 346.309}	Sw: {0.209543, 0.200179, 0.2, 0.2, 0.2, 0.2, 0.2, 0.2, 0.2, 0.2, 0.2, 0.2, 0.2, 0.2, 0.2, 0.2, 0.2, 0.2, 0.2, 0.2, 0.2, 0.2, 0.2, 0.2, 0.2, 0.2, 0.2, 0.2, 0.2, 0.2}	Convergence: 0.00439295
290	Pr: {2755.26, 2579.64, 2415.19, 2256.51, 2108.55, 1965.95, 1834.04, 1707.04, 1590.5, 1478.41, 1376.36, 1278.29, 1189.69, 1104.58, 1028.24, 954.914, 889.52, 826.693, 770.858, 717.158, 669.436, 623.438, 582.348, 542.592, 506.634, 471.64, 439.306, 407.583, 377.366, 347.418}	Sw: {0.209543, 0.200179, 0.2, 0.2, 0.2, 0.2, 0.2, 0.2, 0.2, 0.2, 0.2, 0.2, 0.2, 0.2, 0.2, 0.2, 0.2, 0.2, 0.2, 0.2, 0.2, 0.2, 0.2, 0.2, 0.2, 0.2, 0.2, 0.2, 0.2, 0.2}	Convergence: 0.00421775
300	Pr: {2796.32, 2620.67, 2455.95, 2296.95, 2148.44, 2005.24, 1872.5, 1744.64, 1627.03, 1513.84, 1410.5, 1311.13, 1221.06, 1134.49, 1056.54, 981.617, 914.503, 849.979, 792.35, 736.881, 687.318, 639.504, 596.547, 554.946, 517.109, 480.254, 446.038, 412.446, 380.349, 348.527}	Sw: {0.209543, 0.200179, 0.2, 0.2, 0.2, 0.2, 0.2, 0.2, 0.2, 0.2, 0.2, 0.2, 0.2, 0.2, 0.2, 0.2, 0.2, 0.2, 0.2, 0.2, 0.2, 0.2, 0.2, 0.2, 0.2, 0.2, 0.2, 0.2, 0.2, 0.2}	Convergence: 0.00405006
310	Pr: {2836.64, 2660.96, 2495.99, 2336.68, 2187.64, 2043.87, 1910.33, 1781.65, 1663, 1548.75, 1444.17, 1343.54, 1252.05, 1164.06, 1084.53, 1008.06, 939.262, 873.077, 813.687, 756.479, 705.101, 655.495, 610.688, 567.26, 527.554, 488.85, 452.758, 417.303, 383.329, 349.635}	Sw: {0.209543, 0.200179, 0.2, 0.2, 0.2, 0.2, 0.2, 0.2, 0.2, 0.2, 0.2, 0.2, 0.2, 0.2, 0.2, 0.2, 0.2, 0.2, 0.2, 0.2, 0.2, 0.2, 0.2, 0.2, 0.2, 0.2, 0.2, 0.2, 0.2, 0.2}	Convergence: 0.00388984
320	Pr: {2876.27, 2700.56, 2535.35, 2375.74, 2226.19, 2081.86, 1947.56, 1818.08, 1698.42, 1583.16, 1477.37, 1375.53, 1282.65, 1193.27, 1112.22, 1034.22, 963.784, 895.972, 834.853, 775.936, 722.768, 671.392, 624.756, 579.516, 537.957, 497.414, 459.456, 422.145, 386.3, 350.74}	Sw: {0.209543, 0.200179, 0.2, 0.2, 0.2, 0.2, 0.2, 0.2, 0.2, 0.2, 0.2, 0.2, 0.2, 0.2, 0.2, 0.2, 0.2, 0.2, 0.2, 0.2, 0.2, 0.2, 0.2, 0.2, 0.2, 0.2, 0.2, 0.2, 0.2, 0.2}	Convergence: 0.00373694
330	Pr: {2915.22, 2739.48, 2574.04, 2414.15, 2264.1, 2119.24, 1984.19, 1853.94, 1733.31, 1617.07, 1510.1, 1407.08, 1312.85, 1222.13, 1139.59, 1060.11, 988.061, 918.653, 855.836, 795.237, 740.305, 687.182, 638.736, 591.703, 548.305, 505.937, 466.124, 426.966, 389.259, 351.84}	Sw: {0.209543, 0.20018, 0.2, 0.2, 0.2, 0.2, 0.2, 0.2, 0.2, 0.2, 0.2, 0.2, 0.2, 0.2, 0.2, 0.2, 0.2, 0.2, 0.2, 0.2, 0.2, 0.2, 0.2, 0.2, 0.2, 0.2, 0.2, 0.2, 0.2, 0.2}	Convergence: 0.00359117
340	Pr: {2953.52, 2777.76, 2612.09, 2451.93, 2301.4, 2156.02, 2020.25, 1889.25, 1767.69, 1650.48, 1542.38, 1438.21, 1342.67, 1250.64, 1166.63, 1085.71, 1012.08, 941.111, 876.624, 814.37, 757.699, 702.853, 652.617, 603.81, 558.589, 514.41, 472.754, 431.761, 392.202, 352.935}	Sw: {0.209543, 0.20018, 0.2, 0.2, 0.2, 0.2, 0.2, 0.2, 0.2, 0.2, 0.2, 0.2, 0.2, 0.2, 0.2, 0.2, 0.2, 0.2, 0.2, 0.2, 0.2, 0.2, 0.2, 0.2, 0.2, 0.2, 0.2, 0.2, 0.2, 0.2}	Convergence: 0.00345229
350	Pr: {2991.2, 2815.4, 2649.52, 2489.09, 2338.1, 2192.22, 2055.76, 1924.03, 1801.55, 1683.42, 1574.2, 1468.92, 1372.1, 1278.79, 1193.36, 1111.01, 1035.84, 963.336, 897.209, 833.326, 774.94, 718.393, 666.389, 615.826, 568.799, 522.825, 479.34, 436.526, 395.127, 354.024}	Sw: {0.209543, 0.20018, 0.2, 0.2, 0.2, 0.2, 0.2, 0.2, 0.2, 0.2, 0.2, 0.2, 0.2, 0.2, 0.2, 0.2, 0.2, 0.2, 0.2, 0.2, 0.2, 0.2, 0.2, 0.2, 0.2, 0.2, 0.2, 0.2, 0.2, 0.2}	Convergence: 0.00332004
360	Pr: {3028.27, 2852.44, 2686.35, 2525.66, 2374.22, 2227.85, 2090.72, 1958.29, 1834.92, 1715.88, 1605.59, 1499.21, 1401.15, 1306.59, 1219.76, 1136.02, 1059.34, 985.323, 917.582, 852.096, 792.02, 733.794, 680.043, 627.743, 578.929, 531.176, 485.877, 441.257, 398.031, 355.104}	Sw: {0.209542, 0.20018, 0.2, 0.2, 0.2, 0.2, 0.2, 0.2, 0.2, 0.2, 0.2, 0.2, 0.2, 0.2, 0.2, 0.2, 0.2, 0.2, 0.2, 0.2, 0.2, 0.2, 0.2, 0.2, 0.2, 0.2, 0.2, 0.2, 0.2, 0.2}	Convergence: 0.00319414
370	Pr: {3064.74, 2888.89, 2722.6, 2561.65, 2409.78, 2262.94, 2125.15, 1992.03, 1867.8, 1747.87, 1636.53, 1529.09, 1429.81, 1334.02, 1245.84, 1160.73, 1082.56, 1007.07, 937.738, 870.673, 808.932, 749.048, 693.571, 639.555, 588.971, 539.457, 492.361, 445.949, 400.912, 356.176}	Sw: {0.209542, 0.20018, 0.2, 0.2, 0.2, 0.2, 0.2, 0.2, 0.2, 0.2, 0.2, 0.2, 0.2, 0.2, 0.2, 0.2, 0.2, 0.2, 0.2, 0.2, 0.2, 0.2, 0.2, 0.2, 0.2, 0.2, 0.2, 0.2, 0.2, 0.2}	Convergence: 0.00307429
380	Pr: {3100.65, 2924.77, 2758.28, 2597.09, 2444.79, 2297.49, 2159.06, 2025.27, 1900.2, 1779.41, 1667.05, 1558.57, 1458.09, 1361.11, 1271.58, 1185.14, 1105.51, 1028.56, 957.671, 889.052, 825.668, 764.15, 706.968, 651.255, 598.921, 547.664, 498.788, 450.601, 403.768, 357.239}	Sw: {0.209542, 0.20018, 0.2, 0.2, 0.2, 0.2, 0.2, 0.2, 0.2, 0.2, 0.2, 0.2, 0.2, 0.2, 0.2, 0.2, 0.2, 0.2, 0.2, 0.2, 0.2, 0.2, 0.2, 0.2, 0.2, 0.2, 0.2, 0.2, 0.2, 0.2}	Convergence: 0.00296021
390	Pr: {3135.99, 2960.09, 2793.41, 2631.98, 2479.27, 2331.51, 2192.46, 2058.02, 1932.14, 1810.5, 1697.13, 1587.64, 1486, 1387.84, 1297, 1209.25, 1128.19, 1049.8, 977.378, 907.227, 842.225, 779.094, 720.229, 662.838, 608.774, 555.792, 505.155, 455.21, 406.598, 358.293}	Sw: {0.209542, 0.20018, 0.2, 0.2, 0.2, 0.2, 0.2, 0.2, 0.2, 0.2, 0.2, 0.2, 0.2, 0.2, 0.2, 0.2, 0.2, 0.2, 0.2, 0.2, 0.2, 0.2, 0.2, 0.2, 0.2, 0.2, 0.2, 0.2, 0.2, 0.2}	Convergence: 0.0028516
400	Pr: {3170.8, 2994.87, 2828, 2666.33, 2513.23, 2365.03, 2225.37, 2090.29, 1963.61, 1841.15, 1726.8, 1616.31, 1513.52, 1414.21, 1322.1, 1233.05, 1150.58, 1070.79, 996.855, 925.196, 858.598, 793.875, 733.349, 674.301, 618.527, 563.839, 511.458, 459.773, 409.4, 359.336}	Sw: {0.209542, 0.20018, 0.2, 0.2, 0.2, 0.2, 0.2, 0.2, 0.2, 0.2, 0.2, 0.2, 0.2, 0.2, 0.2, 0.2, 0.2, 0.2, 0.2, 0.2, 0.2, 0.2, 0.2, 0.2, 0.2, 0.2, 0.2, 0.2, 0.2, 0.2}	Convergence: 0.00274819
410	Pr: {3205.07, 3029.12, 2862.07, 2700.17, 2546.67, 2398.04, 2257.79, 2122.09, 1994.62, 1871.36, 1756.05, 1644.58, 1540.68, 1440.24, 1346.86, 1256.55, 1172.7, 1091.52, 1016.1, 942.954, 874.783, 808.491, 746.324, 685.641, 628.176, 571.801, 517.696, 464.289, 412.174, 360.368}	Sw: {0.209542, 0.20018, 0.2, 0.2, 0.2, 0.2, 0.2, 0.2, 0.2, 0.2, 0.2, 0.2, 0.2, 0.2, 0.2, 0.2, 0.2, 0.2, 0.2, 0.2, 0.2, 0.2, 0.2, 0.2, 0.2, 0.2, 0.2, 0.2, 0.2, 0.2}	Convergence: 0.00264971
420	Pr: {3238.82, 3062.84, 2895.62, 2733.49, 2579.62, 2430.57, 2289.74, 2153.43, 2025.19, 1901.14, 1784.89, 1672.47, 1567.47, 1465.92, 1371.31, 1279.75, 1194.54, 1112, 1035.11, 960.501, 890.78, 822.939, 759.153, 696.853, 637.719, 579.676, 523.867, 468.758, 414.919, 361.39}	Sw: {0.209542, 0.20018, 0.2, 0.2, 0.2, 0.2, 0.2, 0.2, 0.2, 0.2, 0.2, 0.2, 0.2, 0.2, 0.2, 0.2, 0.2, 0.2, 0.2, 0.2, 0.2, 0.2, 0.2, 0.2, 0.2, 0.2, 0.2, 0.2, 0.2, 0.2}	Convergence: 0.00255589
430	Pr: {3272.07, 3096.07, 2928.67, 2766.32, 2612.08, 2462.61, 2321.22, 2184.31, 2055.33, 1930.49, 1813.33, 1699.97, 1593.9, 1491.26, 1395.43, 1302.65, 1216.1, 1132.22, 1053.89, 977.834, 906.585, 837.216, 771.833, 707.937, 647.153, 587.463, 529.969, 473.176, 417.633, 362.4}	Sw: {0.209542, 0.20018, 0.2, 0.2, 0.2, 0.2, 0.2, 0.2, 0.2, 0.2, 0.2, 0.2, 0.2, 0.2, 0.2, 0.2, 0.2, 0.2, 0.2, 0.2, 0.2, 0.2, 0.2, 0.2, 0.2, 0.2, 0.2, 0.2, 0.2, 0.2}	Convergence: 0.00246647
440	Pr: {3304.83, 3128.8, 2961.23, 2798.67, 2644.06, 2494.19, 2352.24, 2214.74, 2085.03, 1959.44, 1841.37, 1727.09, 1619.96, 1516.25, 1419.23, 1325.25, 1237.38, 1152.18, 1072.43, 994.953, 922.197, 851.321, 784.363, 718.891, 656.478, 595.161, 536.001, 477.545, 420.316, 363.399}	Sw: {0.209542, 0.20018, 0.2, 0.2, 0.2, 0.2, 0.2, 0.2, 0.2, 0.2, 0.2, 0.2, 0.2, 0.2, 0.2, 0.2, 0.2, 0.2, 0.2, 0.2, 0.2, 0.2, 0.2, 0.2, 0.2, 0.2, 0.2, 0.2, 0.2, 0.2}	Convergence: 0.00238123
450	Pr: {3337.1, 3161.04, 2993.31, 2830.54, 2675.57, 2525.3, 2382.82, 2244.74, 2114.31, 1987.97, 1869.02, 1753.83, 1645.67, 1540.91, 1442.71, 1347.55, 1258.39, 1171.88, 1090.74, 1011.86, 937.617, 865.254, 796.74, 729.713, 665.693, 602.767, 541.963, 481.862, 422.968, 364.386}	Sw: {0.209542, 0.200181, 0.2, 0.2, 0.2, 0.2, 0.2, 0.2, 0.2, 0.2, 0.2, 0.2, 0.2, 0.2, 0.2, 0.2, 0.2, 0.2, 0.2, 0.2, 0.2, 0.2, 0.2, 0.2, 0.2, 0.2, 0.2, 0.2, 0.2, 0.2}	Convergence: 0.00229993
460	Pr: {3368.89, 3192.81, 3024.92, 2861.94, 2706.62, 2555.97, 2412.95, 2274.31, 2143.17, 2016.1, 1896.28, 1780.2, 1671.02, 1565.23, 1465.88, 1369.55, 1279.12, 1191.33, 1108.81, 1028.55, 952.843, 879.013, 808.965, 740.403, 674.795, 610.282, 547.853, 486.128, 425.589, 365.362}	Sw: {0.209542, 0.200181, 0.2, 0.2, 0.2, 0.2, 0.2, 0.2, 0.2, 0.2, 0.2, 0.2, 0.2, 0.2, 0.2, 0.2, 0.2, 0.2, 0.2, 0.2, 0.2, 0.2, 0.2, 0.2, 0.2, 0.2, 0.2, 0.2, 0.2, 0.2}	Convergence: 0.00222235
470	Pr: {3400.22, 3224.12, 3056.07, 2892.88, 2737.22, 2586.18, 2442.65, 2303.45, 2171.62, 2043.83, 1923.16, 1806.21, 1696.03, 1589.22, 1488.73, 1391.26, 1299.57, 1210.52, 1126.64, 1045.02, 967.875, 892.599, 821.038, 750.96, 683.786, 617.704, 553.672, 490.342, 428.178, 366.326}	Sw: {0.209542, 0.200181, 0.2, 0.2, 0.2, 0.2, 0.2, 0.2, 0.2, 0.2, 0.2, 0.2, 0.2, 0.2, 0.2, 0.2, 0.2, 0.2, 0.2, 0.2, 0.2, 0.2, 0.2, 0.2, 0.2, 0.2, 0.2, 0.2, 0.2, 0.2}	Convergence: 0.0021483
480	Pr: {3431.1, 3254.97, 3086.76, 2923.38, 2767.38, 2615.97, 2471.92, 2332.18, 2199.67, 2071.17, 1949.67, 1831.85, 1720.69, 1612.88, 1511.28, 1412.67, 1319.75, 1229.46, 1144.25, 1061.28, 982.714, 906.011, 832.957, 761.385, 692.664, 625.034, 559.418, 494.504, 430.735, 367.277}	Sw: {0.209541, 0.200181, 0.2, 0.2, 0.2, 0.2, 0.2, 0.2, 0.2, 0.2, 0.2, 0.2, 0.2, 0.2, 0.2, 0.2, 0.2, 0.2, 0.2, 0.2, 0.2, 0.2, 0.2, 0.2, 0.2, 0.2, 0.2, 0.2, 0.2, 0.2}	Convergence: 0.00207757
490	Pr: {3461.52, 3285.37, 3117.01, 2953.43, 2797.11, 2645.32, 2500.77, 2360.49, 2227.32, 2098.13, 1975.8, 1857.14, 1745.01, 1636.21, 1533.52, 1433.8, 1339.67, 1248.15, 1161.62, 1077.33, 997.36, 919.25, 844.724, 771.676, 701.429, 632.272, 565.092, 498.613, 433.26, 368.217}	Sw: {0.209541, 0.200181, 0.2, 0.2, 0.2, 0.2, 0.2, 0.2, 0.2, 0.2, 0.2, 0.2, 0.2, 0.2, 0.2, 0.2, 0.2, 0.2, 0.2, 0.2, 0.2, 0.2, 0.2, 0.2, 0.2, 0.2, 0.2, 0.2, 0.2, 0.2}	Convergence: 0.00200998
500	Pr: {3491.51, 3315.33, 3146.83, 2983.05, 2826.4, 2674.25, 2529.21, 2388.41, 2254.58, 2124.7, 2001.57, 1882.07, 1769, 1659.23, 1555.45, 1454.64, 1359.31, 1266.59, 1178.76, 1093.17, 1011.81, 932.316, 856.339, 781.835, 710.082, 639.417, 570.694, 502.671, 435.753, 369.146}	Sw: {0.209541, 0.200181, 0.2, 0.2, 0.2, 0.2, 0.2, 0.2, 0.2, 0.2, 0.2, 0.2, 0.2, 0.2, 0.2, 0.2, 0.2, 0.2, 0.2, 0.2, 0.2, 0.2, 0.2, 0.2, 0.2, 0.2, 0.2, 0.2, 0.2, 0.2}	Convergence: 0.00194538
510	Pr: {3521.06, 3344.86, 3176.21, 3012.24, 2855.28, 2702.77, 2557.25, 2415.92, 2281.45, 2150.9, 2026.97, 1906.66, 1792.65, 1681.92, 1577.09, 1475.2, 1378.69, 1284.78, 1195.68, 1108.79, 1026.08, 945.211, 867.802, 791.861, 718.623, 646.47, 576.224, 506.676, 438.214, 370.062}	Sw: {0.209541, 0.200181, 0.2, 0.2, 0.2, 0.2, 0.2, 0.2, 0.2, 0.2, 0.2, 0.2, 0.2, 0.2, 0.2, 0.2, 0.2, 0.2, 0.2, 0.2, 0.2, 0.2, 0.2, 0.2, 0.2, 0.2, 0.2, 0.2, 0.2, 0.2}	Convergence: 0.00188358
520	Pr: {3550.19, 3373.96, 3205.18, 3041.01, 2883.74, 2730.88, 2584.89, 2443.05, 2307.95, 2176.73, 2052.02, 1930.91, 1815.97, 1704.31, 1598.43, 1495.47, 1397.81, 1302.72, 1212.36, 1124.21, 1040.15, 957.935, 879.114, 801.756, 727.053, 653.431, 581.682, 510.629, 440.643, 370.966}	Sw: {0.209541, 0.200181, 0.2, 0.2, 0.2, 0.2, 0.2, 0.2, 0.2, 0.2, 0.2, 0.2, 0.2, 0.2, 0.2, 0.2, 0.2, 0.2, 0.2, 0.2, 0.2, 0.2, 0.2, 0.2, 0.2, 0.2, 0.2, 0.2, 0.2, 0.2}	Convergence: 0.00182444
530	Pr: {3578.9, 3402.65, 3233.72, 3069.38, 2911.8, 2758.6, 2612.13, 2469.79, 2334.07, 2202.2, 2076.72, 1954.81, 1838.98, 1726.38, 1619.47, 1515.47, 1416.67, 1320.42, 1228.82, 1139.42, 1054.04, 970.49, 890.277, 811.52, 735.372, 660.3, 587.069, 514.531, 443.041, 371.859}	Sw: {0.209541, 0.200181, 0.2, 0.2, 0.2, 0.2, 0.2, 0.2, 0.2, 0.2, 0.2, 0.2, 0.2, 0.2, 0.2, 0.2, 0.2, 0.2, 0.2, 0.2, 0.2, 0.2, 0.2, 0.2, 0.2, 0.2, 0.2, 0.2, 0.2, 0.2}	Convergence: 0.00176782
540	Pr: {3607.21, 3430.93, 3261.87, 3097.33, 2939.46, 2785.91, 2638.99, 2496.16, 2359.82, 2227.31, 2101.08, 1978.38, 1861.66, 1748.15, 1640.23, 1535.2, 1435.27, 1337.88, 1245.06, 1154.43, 1067.74, 982.877, 901.29, 821.155, 743.58, 667.078, 592.384, 518.381, 445.407, 372.739}	Sw: {0.209541, 0.200181, 0.2, 0.2, 0.2, 0.2, 0.2, 0.2, 0.2, 0.2, 0.2, 0.2, 0.2, 0.2, 0.2, 0.2, 0.2, 0.2, 0.2, 0.2, 0.2, 0.2, 0.2, 0.2, 0.2, 0.2, 0.2, 0.2, 0.2, 0.2}	Convergence: 0.00171359
550	Pr: {3635.1, 3458.8, 3289.61, 3124.89, 2966.72, 2812.84, 2665.47, 2522.15, 2385.21, 2252.07, 2125.09, 2001.63, 1884.02, 1769.62, 1660.7, 1554.65, 1453.61, 1355.11, 1261.08, 1169.23, 1081.26, 995.096, 912.156, 830.66, 751.679, 673.766, 597.629, 522.18, 447.742, 373.608}	Sw: {0.209541, 0.200181, 0.2, 0.2, 0.2, 0.2, 0.2, 0.2, 0.2, 0.2, 0.2, 0.2, 0.2, 0.2, 0.2, 0.2, 0.2, 0.2, 0.2, 0.2, 0.2, 0.2, 0.2, 0.2, 0.2, 0.2, 0.2, 0.2, 0.2, 0.2}	Convergence: 0.00166161
560	Pr: {3662.6, 3486.28, 3316.95, 3152.06, 2993.6, 2839.39, 2691.57, 2547.77, 2410.24, 2276.48, 2148.77, 2024.54, 1906.08, 1790.79, 1680.88, 1573.83, 1471.7, 1372.09, 1276.88, 1183.83, 1094.59, 1007.15, 922.876, 840.037, 759.67, 680.365, 602.804, 525.928, 450.045, 374.466}	Sw: {0.209541, 0.200181, 0.2, 0.2, 0.2, 0.2, 0.2, 0.2, 0.2, 0.2, 0.2, 0.2, 0.2, 0.2, 0.2, 0.2, 0.2, 0.2, 0.2, 0.2, 0.2, 0.2, 0.2, 0.2, 0.2, 0.2, 0.2, 0.2, 0.2, 0.2}	Convergence: 0.00161178
570	Pr: {3689.71, 3513.37, 3343.91, 3178.84, 3020.1, 2865.56, 2717.3, 2573.03, 2434.92, 2300.54, 2172.11, 2047.14, 1927.83, 1811.67, 1700.79, 1592.75, 1489.55, 1388.84, 1292.46, 1198.23, 1107.74, 1019.04, 933.45, 849.288, 767.552, 686.874, 607.909, 529.626, 452.318, 375.312}	Sw: {0.209541, 0.200181, 0.2, 0.2, 0.2, 0.2, 0.2, 0.2, 0.2, 0.2, 0.2, 0.2, 0.2, 0.2, 0.2, 0.2, 0.2, 0.2, 0.2, 0.2, 0.2, 0.2, 0.2, 0.2, 0.2, 0.2, 0.2, 0.2, 0.2, 0.2}	Convergence: 0.00156397
580	Pr: {3716.44, 3540.07, 3370.48, 3205.24, 3046.22, 2891.36, 2742.67, 2597.93, 2459.25, 2324.27, 2195.13, 2069.42, 1949.27, 1832.25, 1720.42, 1611.41, 1507.15, 1405.37, 1307.83, 1212.43, 1120.71, 1030.77, 943.881, 858.413, 775.328, 693.296, 612.946, 533.274, 454.56, 376.146}	Sw: {0.209541, 0.200181, 0.2, 0.2, 0.2, 0.2, 0.2, 0.2, 0.2, 0.2, 0.2, 0.2, 0.2, 0.2, 0.2, 0.2, 0.2, 0.2, 0.2, 0.2, 0.2, 0.2, 0.2, 0.2, 0.2, 0.2, 0.2, 0.2, 0.2, 0.2}	Convergence: 0.00151808
590	Pr: {3742.78, 3566.39, 3396.68, 3231.27, 3071.97, 2916.79, 2767.68, 2622.49, 2483.24, 2347.66, 2217.83, 2091.39, 1970.42, 1852.55, 1739.78, 1629.81, 1524.5, 1421.66, 1322.99, 1226.44, 1133.5, 1042.34, 954.17, 867.414, 782.999, 699.63, 617.914, 536.872, 456.771, 376.97}	Sw: {0.209541, 0.200181, 0.2, 0.2, 0.2, 0.2, 0.2, 0.2, 0.2, 0.2, 0.2, 0.2, 0.2, 0.2, 0.2, 0.2, 0.2, 0.2, 0.2, 0.2, 0.2, 0.2, 0.2, 0.2, 0.2, 0.2, 0.2, 0.2, 0.2, 0.2}	Convergence: 0.00147402
600	Pr: {3768.76, 3592.34, 3422.51, 3256.93, 3097.36, 2941.87, 2792.34, 2646.7, 2506.89, 2370.73, 2240.2, 2113.05, 1991.27, 1872.56, 1758.87, 1647.95, 1541.61, 1437.73, 1337.94, 1240.26, 1146.12, 1053.75, 964.318, 876.292, 790.565, 705.878, 622.815, 540.422, 458.953, 377.782}	Sw: {0.209541, 0.200181, 0.2, 0.2, 0.2, 0.2, 0.2, 0.2, 0.2, 0.2, 0.2, 0.2, 0.2, 0.2, 0.2, 0.2, 0.2, 0.2, 0.2, 0.2, 0.2, 0.2, 0.2, 0.2, 0.2, 0.2, 0.2, 0.2, 0.2, 0.2}	Convergence: 0.00143169
610	Pr: {3794.36, 3617.92, 3447.97, 3282.22, 3122.39, 2966.59, 2816.66, 2670.56, 2530.21, 2393.47, 2262.27, 2134.41, 2011.83, 1892.3, 1777.69, 1665.84, 1558.49, 1453.58, 1352.68, 1253.88, 1158.57, 1065, 974.327, 885.048, 798.027, 712.041, 627.648, 543.923, 461.105, 378.583}	Sw: {0.209541, 0.200181, 0.2, 0.2, 0.2, 0.2, 0.2, 0.2, 0.2, 0.2, 0.2, 0.2, 0.2, 0.2, 0.2, 0.2, 0.2, 0.2, 0.2, 0.2, 0.2, 0.2, 0.2, 0.2, 0.2, 0.2, 0.2, 0.2, 0.2, 0.2}	Convergence: 0.001391
620	Pr: {3819.61, 3643.14, 3473.07, 3307.16, 3147.06, 2990.96, 2840.63, 2694.09, 2553.21, 2415.89, 2284.02, 2155.47, 2032.1, 1911.76, 1796.25, 1683.48, 1575.14, 1469.2, 1367.22, 1267.32, 1170.84, 1076.1, 984.199, 893.684, 805.388, 718.119, 632.416, 547.376, 463.227, 379.373}	Sw: {0.209541, 0.200182, 0.2, 0.2, 0.2, 0.2, 0.2, 0.2, 0.2, 0.2, 0.2, 0.2, 0.2, 0.2, 0.2, 0.2, 0.2, 0.2, 0.2, 0.2, 0.2, 0.2, 0.2, 0.2, 0.2, 0.2, 0.2, 0.2, 0.2, 0.2}	Convergence: 0.00135188
630	Pr: {3844.5, 3668.01, 3497.82, 3331.75, 3171.39, 3014.99, 2864.26, 2717.29, 2575.88, 2438, 2305.47, 2176.24, 2052.09, 1930.95, 1814.56, 1700.88, 1591.55, 1484.61, 1381.56, 1280.57, 1182.95, 1087.05, 993.934, 902.201, 812.647, 724.114, 637.118, 550.782, 465.321, 380.152}	Sw: {0.209541, 0.200182, 0.2, 0.2, 0.2, 0.2, 0.2, 0.2, 0.2, 0.2, 0.2, 0.2, 0.2, 0.2, 0.2, 0.2, 0.2, 0.2, 0.2, 0.2, 0.2, 0.2, 0.2, 0.2, 0.2, 0.2, 0.2, 0.2, 0.2, 0.2}	Convergence: 0.00131425
640	Pr: {3869.03, 3692.52, 3522.22, 3355.99, 3195.38, 3038.68, 2887.56, 2740.16, 2598.23, 2459.79, 2326.62, 2196.71, 2071.8, 1949.87, 1832.61, 1718.04, 1607.73, 1499.81, 1395.7, 1293.64, 1194.88, 1097.84, 1003.54, 910.601, 819.806, 730.026, 641.756, 554.141, 467.385, 380.92}	Sw: {0.209541, 0.200182, 0.2, 0.2, 0.2, 0.2, 0.2, 0.2, 0.2, 0.2, 0.2, 0.2, 0.2, 0.2, 0.2, 0.2, 0.2, 0.2, 0.2, 0.2, 0.2, 0.2, 0.2, 0.2, 0.2, 0.2, 0.2, 0.2, 0.2, 0.2}	Convergence: 0.00127803
650	Pr: {3893.22, 3716.69, 3546.27, 3379.89, 3219.02, 3062.04, 2910.53, 2762.72, 2620.26, 2481.28, 2347.48, 2216.9, 2091.23, 1968.52, 1850.4, 1734.95, 1623.69, 1514.8, 1409.64, 1306.53, 1206.65, 1108.48, 1013, 918.884, 826.866, 735.856, 646.33, 557.453, 469.421, 381.678}	Sw: {0.209541, 0.200182, 0.2, 0.2, 0.2, 0.2, 0.2, 0.2, 0.2, 0.2, 0.2, 0.2, 0.2, 0.2, 0.2, 0.2, 0.2, 0.2, 0.2, 0.2, 0.2, 0.2, 0.2, 0.2, 0.2, 0.2, 0.2, 0.2, 0.2, 0.2}	Convergence: 0.00124316
660	Pr: {3917.07, 3740.52, 3569.99, 3403.45, 3242.34, 3085.07, 2933.18, 2784.95, 2641.99, 2502.47, 2368.04, 2236.8, 2110.4, 1986.92, 1867.95, 1751.63, 1639.43, 1529.57, 1423.39, 1319.24, 1218.26, 1118.98, 1022.34, 927.053, 833.829, 741.606, 650.84, 560.72, 471.43, 382.426}	Sw: {0.209541, 0.200182, 0.2, 0.2, 0.2, 0.2, 0.2, 0.2, 0.2, 0.2, 0.2, 0.2, 0.2, 0.2, 0.2, 0.2, 0.2, 0.2, 0.2, 0.2, 0.2, 0.2, 0.2, 0.2, 0.2, 0.2, 0.2, 0.2, 0.2, 0.2}	Convergence: 0.00120957
670	Pr: {3940.59, 3764.01, 3593.37, 3426.68, 3265.33, 3107.77, 2955.51, 2806.87, 2663.42, 2523.36, 2388.31, 2256.43, 2129.29, 2005.06, 1885.26, 1768.08, 1654.95, 1544.14, 1436.95, 1331.77, 1229.71, 1129.33, 1031.55, 935.109, 840.696, 747.276, 655.288, 563.942, 473.41, 383.163}	Sw: {0.20954, 0.200182, 0.2, 0.2, 0.2, 0.2, 0.2, 0.2, 0.2, 0.2, 0.2, 0.2, 0.2, 0.2, 0.2, 0.2, 0.2, 0.2, 0.2, 0.2, 0.2, 0.2, 0.2, 0.2, 0.2, 0.2, 0.2, 0.2, 0.2, 0.2}	Convergence: 0.00117719
680	Pr: {3963.77, 3787.17, 3616.42, 3449.58, 3287.99, 3130.16, 2977.53, 2828.49, 2684.54, 2543.96, 2408.3, 2275.78, 2147.92, 2022.94, 1902.32, 1784.29, 1670.25, 1558.51, 1450.32, 1344.12, 1241, 1139.54, 1040.63, 943.052, 847.467, 752.868, 659.675, 567.118, 475.363, 383.89}	Sw: {0.20954, 0.200182, 0.2, 0.2, 0.2, 0.2, 0.2, 0.2, 0.2, 0.2, 0.2, 0.2, 0.2, 0.2, 0.2, 0.2, 0.2, 0.2, 0.2, 0.2, 0.2, 0.2, 0.2, 0.2, 0.2, 0.2, 0.2, 0.2, 0.2, 0.2}	Convergence: 0.00114599
690	Pr: {3986.63, 3810.01, 3639.15, 3472.16, 3310.33, 3152.23, 2999.24, 2849.8, 2705.36, 2564.27, 2428.01, 2294.86, 2166.29, 2040.58, 1919.14, 1800.28, 1685.34, 1572.68, 1463.51, 1356.31, 1252.13, 1149.6, 1049.59, 950.886, 854.144, 758.381, 664.001, 570.251, 477.289, 384.607}	Sw: {0.20954, 0.200182, 0.2, 0.2, 0.2, 0.2, 0.2, 0.2, 0.2, 0.2, 0.2, 0.2, 0.2, 0.2, 0.2, 0.2, 0.2, 0.2, 0.2, 0.2, 0.2, 0.2, 0.2, 0.2, 0.2, 0.2, 0.2, 0.2, 0.2, 0.2}	Convergence: 0.00111589
700	Pr: {4009.16, 3832.52, 3661.56, 3494.42, 3332.37, 3173.99, 3020.64, 2870.81, 2725.9, 2584.3, 2447.44, 2313.67, 2184.4, 2057.96, 1935.73, 1816.05, 1700.22, 1586.65, 1476.51, 1368.32, 1263.11, 1159.53, 1058.42, 958.61, 860.729, 763.819, 668.266, 573.341, 479.188, 385.313}	Sw: {0.20954, 0.200182, 0.2, 0.2, 0.2, 0.2, 0.2, 0.2, 0.2, 0.2, 0.2, 0.2, 0.2, 0.2, 0.2, 0.2, 0.2, 0.2, 0.2, 0.2, 0.2, 0.2, 0.2, 0.2, 0.2, 0.2, 0.2, 0.2, 0.2, 0.2}	Convergence: 0.00108685
710	Pr: {4031.38, 3854.72, 3683.66, 3516.37, 3354.09, 3195.44, 3041.75, 2891.52, 2746.15, 2604.04, 2466.6, 2332.22, 2202.26, 2075.11, 1952.09, 1831.6, 1714.89, 1600.42, 1489.32, 1380.17, 1273.93, 1169.32, 1067.12, 966.227, 867.222, 769.18, 672.473, 576.387, 481.061, 386.01}	Sw: {0.20954, 0.200182, 0.2, 0.2, 0.2, 0.2, 0.2, 0.2, 0.2, 0.2, 0.2, 0.2, 0.2, 0.2, 0.2, 0.2, 0.2, 0.2, 0.2, 0.2, 0.2, 0.2, 0.2, 0.2, 0.2, 0.2, 0.2, 0.2, 0.2, 0.2}	Convergence: 0.00105883
720	Pr: {4053.29, 3876.6, 3705.44, 3538.02, 3375.5, 3216.59, 3062.55, 2911.95, 2766.11, 2623.51, 2485.5, 2350.5, 2219.87, 2092.01, 1968.21, 1846.93, 1729.35, 1614, 1501.96, 1391.85, 1284.6, 1178.97, 1075.71, 973.738, 873.625, 774.467, 676.621, 579.391, 482.907, 386.698}	Sw: {0.20954, 0.200182, 0.2, 0.2, 0.2, 0.2, 0.2, 0.2, 0.2, 0.2, 0.2, 0.2, 0.2, 0.2, 0.2, 0.2, 0.2, 0.2, 0.2, 0.2, 0.2, 0.2, 0.2, 0.2, 0.2, 0.2, 0.2, 0.2, 0.2, 0.2}	Convergence: 0.00103176
730	Pr: {4074.89, 3898.18, 3726.92, 3559.35, 3396.62, 3237.45, 3083.07, 2932.09, 2785.79, 2642.7, 2504.12, 2368.54, 2237.23, 2108.68, 1984.12, 1862.04, 1743.61, 1627.39, 1514.43, 1403.37, 1295.13, 1188.48, 1084.17, 981.144, 879.939, 779.681, 680.711, 582.353, 484.728, 387.376}	Sw: {0.20954, 0.200182, 0.2, 0.2, 0.2, 0.2, 0.2, 0.2, 0.2, 0.2, 0.2, 0.2, 0.2, 0.2, 0.2, 0.2, 0.2, 0.2, 0.2, 0.2, 0.2, 0.2, 0.2, 0.2, 0.2, 0.2, 0.2, 0.2, 0.2, 0.2}	Convergence: 0.00100562
740	Pr: {4096.18, 3919.46, 3748.1, 3580.39, 3417.44, 3258.01, 3103.3, 2951.94, 2805.2, 2661.62, 2522.49, 2386.32, 2254.35, 2125.11, 1999.8, 1876.94, 1757.68, 1640.6, 1526.72, 1414.73, 1305.5, 1197.87, 1092.52, 988.447, 886.164, 784.821, 684.744, 585.274, 486.524, 388.044}	Sw: {0.20954, 0.200182, 0.2, 0.2, 0.2, 0.2, 0.2, 0.2, 0.2, 0.2, 0.2, 0.2, 0.2, 0.2, 0.2, 0.2, 0.2, 0.2, 0.2, 0.2, 0.2, 0.2, 0.2, 0.2, 0.2, 0.2, 0.2, 0.2, 0.2, 0.2}	Convergence: 0.000980367
750	Pr: {4117.18, 3940.43, 3768.98, 3601.13, 3437.97, 3278.28, 3123.24, 2971.52, 2824.33, 2680.28, 2540.6, 2403.85, 2271.23, 2141.32, 2015.26, 1891.64, 1771.55, 1653.62, 1538.83, 1425.93, 1315.74, 1207.12, 1100.75, 995.648, 892.303, 789.89, 688.722, 588.154, 488.295, 388.703}	Sw: {0.20954, 0.200182, 0.2, 0.2, 0.2, 0.2, 0.2, 0.2, 0.2, 0.2, 0.2, 0.2, 0.2, 0.2, 0.2, 0.2, 0.2, 0.2, 0.2, 0.2, 0.2, 0.2, 0.2, 0.2, 0.2, 0.2, 0.2, 0.2, 0.2, 0.2}	Convergence: 0.000955954
760	Pr: {4137.88, 3961.11, 3789.57, 3621.58, 3458.21, 3298.27, 3142.9, 2990.82, 2843.2, 2698.68, 2558.45, 2421.13, 2287.88, 2157.29, 2030.5, 1906.13, 1785.22, 1666.46, 1550.78, 1436.97, 1325.83, 1216.24, 1108.87, 1002.75, 898.356, 794.889, 692.643, 590.994, 490.041, 389.353}	Sw: {0.20954, 0.200182, 0.2, 0.2, 0.2, 0.2, 0.2, 0.2, 0.2, 0.2, 0.2, 0.2, 0.2, 0.2, 0.2, 0.2, 0.2, 0.2, 0.2, 0.2, 0.2, 0.2, 0.2, 0.2, 0.2, 0.2, 0.2, 0.2, 0.2, 0.2}	Convergence: 0.000932347
770	Pr: {4158.3, 3981.5, 3809.86, 3641.75, 3478.16, 3317.98, 3162.29, 3009.85, 2861.8, 2716.82, 2576.06, 2438.17, 2304.29, 2173.04, 2045.53, 1920.41, 1798.7, 1679.11, 1562.56, 1447.86, 1335.77, 1225.23, 1116.88, 1009.75, 904.325, 799.817, 696.51, 593.794, 491.762, 389.993}	Sw: {0.20954, 0.200182, 0.2, 0.2, 0.2, 0.2, 0.2, 0.2, 0.2, 0.2, 0.2, 0.2, 0.2, 0.2, 0.2, 0.2, 0.2, 0.2, 0.2, 0.2, 0.2, 0.2, 0.2, 0.2, 0.2, 0.2, 0.2, 0.2, 0.2, 0.2}	Convergence: 0.000909513
780	Pr: {4178.42, 4001.61, 3829.88, 3661.63, 3497.84, 3337.41, 3181.41, 3028.62, 2880.14, 2734.7, 2593.42, 2454.97, 2320.47, 2188.58, 2060.35, 1934.5, 1811.99, 1691.59, 1574.18, 1458.59, 1345.58, 1234.1, 1124.77, 1016.65, 910.211, 804.676, 700.323, 596.556, 493.46, 390.625}	Sw: {0.20954, 0.200182, 0.2, 0.2, 0.2, 0.2, 0.2, 0.2, 0.2, 0.2, 0.2, 0.2, 0.2, 0.2, 0.2, 0.2, 0.2, 0.2, 0.2, 0.2, 0.2, 0.2, 0.2, 0.2, 0.2, 0.2, 0.2, 0.2, 0.2, 0.2}	Convergence: 0.000887419
790	Pr: {4198.26, 4021.43, 3849.61, 3681.23, 3517.24, 3356.57, 3200.25, 3047.12, 2898.22, 2752.34, 2610.53, 2471.54, 2336.42, 2203.89, 2074.97, 1948.39, 1825.1, 1703.9, 1585.64, 1469.18, 1355.26, 1242.85, 1132.55, 1023.46, 916.014, 809.468, 704.083, 599.278, 495.134, 391.248}	Sw: {0.20954, 0.200182, 0.2, 0.2, 0.2, 0.2, 0.2, 0.2, 0.2, 0.2, 0.2, 0.2, 0.2, 0.2, 0.2, 0.2, 0.2, 0.2, 0.2, 0.2, 0.2, 0.2, 0.2, 0.2, 0.2, 0.2, 0.2, 0.2, 0.2, 0.2}	Convergence: 0.000866035
800	Pr: {4217.83, 4040.98, 3869.06, 3700.55, 3536.36, 3375.46, 3218.84, 3065.36, 2916.05, 2769.72, 2627.41, 2487.88, 2352.15, 2218.99, 2089.37, 1962.08, 1838.03, 1716.03, 1596.93, 1479.61, 1364.79, 1251.47, 1140.22, 1030.17, 921.736, 814.193, 707.79, 601.963, 496.785, 391.862}	Sw: {0.20954, 0.200182, 0.2, 0.2, 0.2, 0.2, 0.2, 0.2, 0.2, 0.2, 0.2, 0.2, 0.2, 0.2, 0.2, 0.2, 0.2, 0.2, 0.2, 0.2, 0.2, 0.2, 0.2, 0.2, 0.2, 0.2, 0.2, 0.2, 0.2, 0.2}	Convergence: 0.000845329
810	Pr: {4237.12, 4060.25, 3888.25, 3719.61, 3555.22, 3394.09, 3237.16, 3083.34, 2933.63, 2786.86, 2644.05, 2503.98, 2367.66, 2233.88, 2103.58, 1975.58, 1850.77, 1728, 1608.07, 1489.9, 1374.2, 1259.97, 1147.79, 1036.79, 927.378, 818.851, 711.445, 604.61, 498.412, 392.468}	Sw: {0.20954, 0.200182, 0.2, 0.2, 0.2, 0.2, 0.2, 0.2, 0.2, 0.2, 0.2, 0.2, 0.2, 0.2, 0.2, 0.2, 0.2, 0.2, 0.2, 0.2, 0.2, 0.2, 0.2, 0.2, 0.2, 0.2, 0.2, 0.2, 0.2, 0.2}	Convergence: 0.000825276
820	Pr: {4256.14, 4079.24, 3907.16, 3738.4, 3573.82, 3412.45, 3255.23, 3101.08, 2950.96, 2803.77, 2660.45, 2519.86, 2382.96, 2248.56, 2117.59, 1988.9, 1863.33, 1739.8, 1619.05, 1500.05, 1383.47, 1268.36, 1155.25, 1043.31, 932.941, 823.444, 715.049, 607.22, 500.017, 393.065}	Sw: {0.20954, 0.200182, 0.2, 0.2, 0.2, 0.2, 0.2, 0.2, 0.2, 0.2, 0.2, 0.2, 0.2, 0.2, 0.2, 0.2, 0.2, 0.2, 0.2, 0.2, 0.2, 0.2, 0.2, 0.2, 0.2, 0.2, 0.2, 0.2, 0.2, 0.2}	Convergence: 0.000805847
830	Pr: {4274.89, 4097.98, 3925.81, 3756.92, 3592.15, 3430.56, 3273.04, 3118.56, 2968.06, 2820.43, 2676.63, 2535.52, 2398.03, 2263.03, 2131.4, 2002.02, 1875.72, 1751.43, 1629.87, 1510.06, 1392.61, 1276.62, 1162.6, 1049.75, 938.427, 827.973, 718.603, 609.793, 501.599, 393.654}	Sw: {0.20954, 0.200182, 0.2, 0.2, 0.2, 0.2, 0.2, 0.2, 0.2, 0.2, 0.2, 0.2, 0.2, 0.2, 0.2, 0.2, 0.2, 0.2, 0.2, 0.2, 0.2, 0.2, 0.2, 0.2, 0.2, 0.2, 0.2, 0.2, 0.2, 0.2}	Convergence: 0.000787019
840	Pr: {4293.38, 4116.45, 3944.19, 3775.19, 3610.23, 3448.41, 3290.6, 3135.8, 2984.91, 2836.86, 2692.58, 2550.96, 2412.9, 2277.3, 2145.02, 2014.97, 1887.94, 1762.89, 1640.55, 1519.92, 1401.63, 1284.77, 1169.85, 1056.09, 943.835, 832.439, 722.107, 612.33, 503.159, 394.234}	Sw: {0.20954, 0.200182, 0.2, 0.2, 0.2, 0.2, 0.2, 0.2, 0.2, 0.2, 0.2, 0.2, 0.2, 0.2, 0.2, 0.2, 0.2, 0.2, 0.2, 0.2, 0.2, 0.2, 0.2, 0.2, 0.2, 0.2, 0.2, 0.2, 0.2, 0.2}	Convergence: 0.000768767
850	Pr: {4311.61, 4134.66, 3962.32, 3793.19, 3628.05, 3466.01, 3307.92, 3152.8, 3001.52, 2853.06, 2708.3, 2566.18, 2427.56, 2291.37, 2158.45, 2027.73, 1899.98, 1774.2, 1651.07, 1529.65, 1410.51, 1292.81, 1177, 1062.34, 949.168, 836.842, 725.563, 614.832, 504.697, 394.807}	Sw: {0.20954, 0.200182, 0.2, 0.2, 0.2, 0.2, 0.2, 0.2, 0.2, 0.2, 0.2, 0.2, 0.2, 0.2, 0.2, 0.2, 0.2, 0.2, 0.2, 0.2, 0.2, 0.2, 0.2, 0.2, 0.2, 0.2, 0.2, 0.2, 0.2, 0.2}	Convergence: 0.000751068
860	Pr: {4329.58, 4152.61, 3980.2, 3810.95, 3645.62, 3483.37, 3324.99, 3169.56, 3017.9, 2869.04, 2723.81, 2581.19, 2442.01, 2305.25, 2171.69, 2040.31, 1911.86, 1785.35, 1661.45, 1539.24, 1419.28, 1300.73, 1184.06, 1068.51, 954.427, 841.184, 728.969, 617.299, 506.214, 395.371}	Sw: {0.20954, 0.200182, 0.2, 0.2, 0.2, 0.2, 0.2, 0.2, 0.2, 0.2, 0.2, 0.2, 0.2, 0.2, 0.2, 0.2, 0.2, 0.2, 0.2, 0.2, 0.2, 0.2, 0.2, 0.2, 0.2, 0.2, 0.2, 0.2, 0.2, 0.2}	Convergence: 0.000733902
870	Pr: {4347.31, 4170.32, 3997.82, 3828.46, 3662.95, 3500.48, 3341.83, 3186.08, 3034.06, 2884.79, 2739.1, 2595.99, 2456.27, 2318.93, 2184.74, 2052.71, 1923.57, 1796.34, 1671.68, 1548.69, 1427.92, 1308.54, 1191.01, 1074.59, 959.612, 845.464, 732.328, 619.731, 507.71, 395.928}	Sw: {0.20954, 0.200182, 0.2, 0.2, 0.2, 0.2, 0.2, 0.2, 0.2, 0.2, 0.2, 0.2, 0.2, 0.2, 0.2, 0.2, 0.2, 0.2, 0.2, 0.2, 0.2, 0.2, 0.2, 0.2, 0.2, 0.2, 0.2, 0.2, 0.2, 0.2}	Convergence: 0.000717246
880	Pr: {4364.78, 4187.77, 4015.2, 3845.72, 3680.04, 3517.35, 3358.42, 3202.37, 3049.98, 2900.32, 2754.17, 2610.58, 2470.32, 2332.41, 2197.61, 2064.95, 1935.11, 1807.18, 1681.77, 1558.02, 1436.44, 1316.25, 1197.86, 1080.59, 964.724, 849.685, 735.641, 622.13, 509.185, 396.477}	Sw: {0.20954, 0.200183, 0.2, 0.2, 0.2, 0.2, 0.2, 0.2, 0.2, 0.2, 0.2, 0.2, 0.2, 0.2, 0.2, 0.2, 0.2, 0.2, 0.2, 0.2, 0.2, 0.2, 0.2, 0.2, 0.2, 0.2, 0.2, 0.2, 0.2, 0.2}	Convergence: 0.000701082
890	Pr: {4382.01, 4204.98, 4032.33, 3862.73, 3696.88, 3533.99, 3374.79, 3218.44, 3065.68, 2915.63, 2769.03, 2624.96, 2484.17, 2345.71, 2210.3, 2077.01, 1946.5, 1817.87, 1691.72, 1567.21, 1444.84, 1323.84, 1204.62, 1086.5, 969.765, 853.846, 738.906, 624.494, 510.639, 397.018}	Sw: {0.20954, 0.200183, 0.2, 0.2, 0.2, 0.2, 0.2, 0.2, 0.2, 0.2, 0.2, 0.2, 0.2, 0.2, 0.2, 0.2, 0.2, 0.2, 0.2, 0.2, 0.2, 0.2, 0.2, 0.2, 0.2, 0.2, 0.2, 0.2, 0.2, 0.2}	Convergence: 0.000685391
900	Pr: {4399, 4221.95, 4049.22, 3879.51, 3713.49, 3550.39, 3390.93, 3234.27, 3081.17, 2930.72, 2783.69, 2639.15, 2497.83, 2358.82, 2222.81, 2088.9, 1957.72, 1828.41, 1701.53, 1576.27, 1453.12, 1331.33, 1211.29, 1092.33, 974.735, 857.95, 742.126, 626.826, 512.072, 397.551}	Sw: {0.20954, 0.200183, 0.2, 0.2, 0.2, 0.2, 0.2, 0.2, 0.2, 0.2, 0.2, 0.2, 0.2, 0.2, 0.2, 0.2, 0.2, 0.2, 0.2, 0.2, 0.2, 0.2, 0.2, 0.2, 0.2, 0.2, 0.2, 0.2, 0.2, 0.2}	Convergence: 0.000670154
910	Pr: {4415.74, 4238.68, 4065.88, 3896.06, 3729.86, 3566.56, 3406.84, 3249.89, 3096.43, 2945.61, 2798.14, 2653.13, 2511.3, 2371.75, 2235.15, 2100.62, 1968.79, 1838.8, 1711.2, 1585.21, 1461.29, 1338.71, 1217.86, 1098.08, 979.635, 861.995, 745.301, 629.124, 513.486, 398.077}	Sw: {0.20954, 0.200183, 0.2, 0.2, 0.2, 0.2, 0.2, 0.2, 0.2, 0.2, 0.2, 0.2, 0.2, 0.2, 0.2, 0.2, 0.2, 0.2, 0.2, 0.2, 0.2, 0.2, 0.2, 0.2, 0.2, 0.2, 0.2, 0.2, 0.2, 0.2}	Convergence: 0.000655356
920	Pr: {4432.26, 4255.18, 4082.3, 3912.37, 3746.01, 3582.51, 3422.52, 3265.29, 3111.48, 2960.28, 2812.38, 2666.92, 2524.58, 2384.5, 2247.32, 2112.18, 1979.7, 1849.04, 1720.74, 1594.02, 1469.34, 1345.99, 1224.34, 1103.74, 984.467, 865.984, 748.432, 631.391, 514.88, 398.596}	Sw: {0.20954, 0.200183, 0.2, 0.2, 0.2, 0.2, 0.2, 0.2, 0.2, 0.2, 0.2, 0.2, 0.2, 0.2, 0.2, 0.2, 0.2, 0.2, 0.2, 0.2, 0.2, 0.2, 0.2, 0.2, 0.2, 0.2, 0.2, 0.2, 0.2, 0.2}	Convergence: 0.00064098
930	Pr: {4448.54, 4271.44, 4098.49, 3928.46, 3761.93, 3598.23, 3437.99, 3280.47, 3126.32, 2974.75, 2826.43, 2680.52, 2537.68, 2397.06, 2259.31, 2123.58, 1990.46, 1859.14, 1730.14, 1602.71, 1477.28, 1353.17, 1230.72, 1109.33, 989.232, 869.918, 751.518, 633.626, 516.254, 399.107}	Sw: {0.20954, 0.200183, 0.2, 0.2, 0.2, 0.2, 0.2, 0.2, 0.2, 0.2, 0.2, 0.2, 0.2, 0.2, 0.2, 0.2, 0.2, 0.2, 0.2, 0.2, 0.2, 0.2, 0.2, 0.2, 0.2, 0.2, 0.2, 0.2, 0.2, 0.2}	Convergence: 0.00062701
940	Pr: {4464.6, 4287.48, 4114.46, 3944.31, 3777.63, 3613.73, 3453.24, 3295.44, 3140.96, 2989.02, 2840.28, 2693.92, 2550.59, 2409.46, 2271.14, 2134.82, 2001.07, 1869.1, 1739.41, 1611.28, 1485.11, 1360.25, 1237.02, 1114.84, 993.929, 873.796, 754.562, 635.829, 517.609, 399.611}	Sw: {0.20954, 0.200183, 0.2, 0.2, 0.2, 0.2, 0.2, 0.2, 0.2, 0.2, 0.2, 0.2, 0.2, 0.2, 0.2, 0.2, 0.2, 0.2, 0.2, 0.2, 0.2, 0.2, 0.2, 0.2, 0.2, 0.2, 0.2, 0.2, 0.2, 0.2}	Convergence: 0.000613432
950	Pr: {4480.43, 4303.29, 4130.2, 3959.95, 3793.1, 3629.01, 3468.28, 3310.2, 3155.38, 3003.09, 2853.93, 2707.14, 2563.32, 2421.67, 2282.8, 2145.9, 2011.53, 1878.92, 1748.55, 1619.72, 1492.83, 1367.23, 1243.23, 1120.27, 998.561, 877.619, 757.563, 638.002, 518.945, 400.108}	Sw: {0.20954, 0.200183, 0.2, 0.2, 0.2, 0.2, 0.2, 0.2, 0.2, 0.2, 0.2, 0.2, 0.2, 0.2, 0.2, 0.2, 0.2, 0.2, 0.2, 0.2, 0.2, 0.2, 0.2, 0.2, 0.2, 0.2, 0.2, 0.2, 0.2, 0.2}	Convergence: 0.000600232
960	Pr: {4496.03, 4318.88, 4145.72, 3975.37, 3808.36, 3644.08, 3483.11, 3324.75, 3169.61, 3016.96, 2867.4, 2720.17, 2575.87, 2433.72, 2294.29, 2156.83, 2021.84, 1888.6, 1757.57, 1628.05, 1500.44, 1374.11, 1249.36, 1125.63, 1003.13, 881.389, 760.521, 640.144, 520.262, 400.598}	Sw: {0.209539, 0.200183, 0.2, 0.2, 0.2, 0.2, 0.2, 0.2, 0.2, 0.2, 0.2, 0.2, 0.2, 0.2, 0.2, 0.2, 0.2, 0.2, 0.2, 0.2, 0.2, 0.2, 0.2, 0.2, 0.2, 0.2, 0.2, 0.2, 0.2, 0.2}	Convergence: 0.000587396
970	Pr: {4511.42, 4334.25, 4161.02, 3990.57, 3823.41, 3658.94, 3497.72, 3339.1, 3183.64, 3030.63, 2880.67, 2733.02, 2588.24, 2445.6, 2305.63, 2167.6, 2032.01, 1898.14, 1766.45, 1636.26, 1507.95, 1380.89, 1255.39, 1130.91, 1007.63, 885.107, 763.439, 642.256, 521.561, 401.082}	Sw: {0.209539, 0.200183, 0.2, 0.2, 0.2, 0.2, 0.2, 0.2, 0.2, 0.2, 0.2, 0.2, 0.2, 0.2, 0.2, 0.2, 0.2, 0.2, 0.2, 0.2, 0.2, 0.2, 0.2, 0.2, 0.2, 0.2, 0.2, 0.2, 0.2, 0.2}	Convergence: 0.00057491
980	Pr: {4526.6, 4349.41, 4176.11, 4005.55, 3838.24, 3673.59, 3512.14, 3353.24, 3197.47, 3044.12, 2893.76, 2745.69, 2600.45, 2457.31, 2316.81, 2178.22, 2042.03, 1907.56, 1775.22, 1644.36, 1515.35, 1387.58, 1261.35, 1136.11, 1012.07, 888.772, 766.315, 644.339, 522.842, 401.558}	Sw: {0.209539, 0.200183, 0.2, 0.2, 0.2, 0.2, 0.2, 0.2, 0.2, 0.2, 0.2, 0.2, 0.2, 0.2, 0.2, 0.2, 0.2, 0.2, 0.2, 0.2, 0.2, 0.2, 0.2, 0.2, 0.2, 0.2, 0.2, 0.2, 0.2, 0.2}	Convergence: 0.000562764
990	Pr: {4541.56, 4364.35, 4190.99, 4020.33, 3852.87, 3688.03, 3526.35, 3367.19, 3211.1, 3057.41, 2906.67, 2758.18, 2612.48, 2468.86, 2327.83, 2188.69, 2051.92, 1916.84, 1783.85, 1652.34, 1522.64, 1394.18, 1267.22, 1141.25, 1016.45, 892.386, 769.151, 646.392, 524.105, 402.028}	Sw: {0.209539, 0.200183, 0.2, 0.2, 0.2, 0.2, 0.2, 0.2, 0.2, 0.2, 0.2, 0.2, 0.2, 0.2, 0.2, 0.2, 0.2, 0.2, 0.2, 0.2, 0.2, 0.2, 0.2, 0.2, 0.2, 0.2, 0.2, 0.2, 0.2, 0.2}	Convergence: 0.000550945
1000	Pr: {4556.31, 4379.09, 4205.66, 4034.9, 3867.29, 3702.27, 3540.36, 3380.94, 3224.55, 3070.52, 2919.4, 2770.5, 2624.34, 2480.24, 2338.69, 2199.02, 2061.67, 1925.99, 1792.37, 1660.21, 1529.84, 1400.68, 1273, 1146.31, 1020.76, 895.949, 771.948, 648.417, 525.35, 402.491}	Sw: {0.209539, 0.200183, 0.2, 0.2, 0.2, 0.2, 0.2, 0.2, 0.2, 0.2, 0.2, 0.2, 0.2, 0.2, 0.2, 0.2, 0.2, 0.2, 0.2, 0.2, 0.2, 0.2, 0.2, 0.2, 0.2, 0.2, 0.2, 0.2, 0.2, 0.2}	Convergence: 0.000539442
Response
  Maximum residual: 6.13138
  ||residual||: 21.9032
Provided True Response
  Maximum residual: 3.63798e-12
  ||residual||: 4.54747e-12
Delta Responses
  ||delta||: 4059.4
  Maximum difference: 1037.55
  Maximum difference odd: 1037.55
  Maximum difference even: 1.60179e-06

