Number of cells: 50 x 1
  K matrix = 100 x 100
True	Pr: {9122.38, 8958.18, 8780.31, 8602.44, 8424.58, 8246.71, 8068.85, 7890.98, 7713.11, 7535.25, 7357.38, 7179.52, 7001.65, 6823.78, 6645.92, 6468.05, 6290.19, 6112.32, 5934.45, 5756.59, 5578.72, 5400.86, 5222.99, 5045.12, 4867.26, 4689.39, 4511.53, 4333.66, 4155.79, 3977.93, 3800.06, 3622.2, 3444.33, 3266.47, 3088.6, 2910.73, 2732.87, 2555, 2377.14, 2199.27, 2021.4, 1843.54, 1665.67, 1487.81, 1309.94, 1132.07, 954.208, 776.342, 598.476, 420.61}	Sw: {0.22337, 0.203636, 0.2, 0.2, 0.2, 0.2, 0.2, 0.2, 0.2, 0.2, 0.2, 0.2, 0.2, 0.2, 0.2, 0.2, 0.2, 0.2, 0.2, 0.2, 0.2, 0.2, 0.2, 0.2, 0.2, 0.2, 0.2, 0.2, 0.2, 0.2, 0.2, 0.2, 0.2, 0.2, 0.2, 0.2, 0.2, 0.2, 0.2, 0.2, 0.2, 0.2, 0.2, 0.2, 0.2, 0.2, 0.2, 0.2, 0.2, 0.2}
  Jacobi
0	Pr: {340, 340, 340, 340, 340, 340, 340, 340, 340, 340, 340, 340, 340, 340, 340, 340, 340, 340, 340, 340, 340, 340, 340, 340, 340, 340, 340, 340, 340, 340, 340, 340, 340, 340, 340, 340, 340, 340, 340, 340, 340, 340, 340, 340, 340, 340, 340, 340, 340, 340}	Sw: {0.2, 0.2, 0.2, 0.2, 0.2, 0.2, 0.2, 0.2, 0.2, 0.2, 0.2, 0.2, 0.2, 0.2, 0.2, 0.2, 0.2, 0.2, 0.2, 0.2, 0.2, 0.2, 0.2, 0.2, 0.2, 0.2, 0.2, 0.2, 0.2, 0.2, 0.2, 0.2, 0.2, 0.2, 0.2, 0.2, 0.2, 0.2, 0.2, 0.2, 0.2, 0.2, 0.2, 0.2, 0.2, 0.2, 0.2, 0.2, 0.2, 0.2}
10	Pr: {766.235, 617.55, 509.115, 427.361, 387.034, 357.514, 348.368, 341.658, 340.717, 340, 340, 340, 340, 340, 340, 340, 340, 340, 340, 340, 340, 340, 340, 340, 340, 340, 340, 340, 340, 340, 340, 340, 340, 340, 340, 340, 340, 340, 340, 340, 339.987, 339.974, 339.849, 339.724, 339.182, 338.641, 337.264, 335.887, 333.617, 331.347}	Sw: {0.223936, 0.20307, 0.2, 0.2, 0.2, 0.2, 0.2, 0.2, 0.2, 0.2, 0.2, 0.2, 0.2, 0.2, 0.2, 0.2, 0.2, 0.2, 0.2, 0.2, 0.2, 0.2, 0.2, 0.2, 0.2, 0.2, 0.2, 0.2, 0.2, 0.2, 0.2, 0.2, 0.2, 0.2, 0.2, 0.2, 0.2, 0.2, 0.2, 0.2, 0.2, 0.2, 0.2, 0.2, 0.2, 0.2, 0.2, 0.2, 0.2, 0.2}	Convergence: 0.0512772
20	Pr: {957.408, 805.389, 675.234, 569.282, 495.035, 436.544, 401.061, 373.848, 359.987, 349.569, 345.275, 342.088, 341.076, 340.329, 340.159, 340.033, 340.015, 340.002, 340.001, 340, 340, 340, 340, 340, 340, 340, 340, 340, 340, 340, 340, 340, 340, 339.999, 339.997, 339.995, 339.981, 339.968, 339.911, 339.854, 339.677, 339.499, 339.067, 338.635, 337.796, 336.957, 335.638, 334.318, 332.625, 330.931}	Sw: {0.223724, 0.203282, 0.2, 0.2, 0.2, 0.2, 0.2, 0.2, 0.2, 0.2, 0.2, 0.2, 0.2, 0.2, 0.2, 0.2, 0.2, 0.2, 0.2, 0.2, 0.2, 0.2, 0.2, 0.2, 0.2, 0.2, 0.2, 0.2, 0.2, 0.2, 0.2, 0.2, 0.2, 0.2, 0.2, 0.2, 0.2, 0.2, 0.2, 0.2, 0.2, 0.2, 0.2, 0.2, 0.2, 0.2, 0.2, 0.2, 0.2, 0.2}	Convergence: 0.0284585
30	Pr: {1102.58, 948.698, 809.307, 691.453, 599.845, 524.425, 470.416, 427.018, 398.742, 376.506, 363.495, 353.45, 348.248, 344.292, 342.507, 341.166, 340.649, 340.264, 340.14, 340.048, 340.025, 340.007, 340.003, 340.001, 340, 340, 340, 340, 340, 339.999, 339.998, 339.996, 339.989, 339.982, 339.959, 339.937, 339.872, 339.807, 339.651, 339.496, 339.176, 338.856, 338.286, 337.715, 336.833, 335.951, 334.76, 333.569, 332.162, 330.754}	Sw: {0.223646, 0.20336, 0.2, 0.2, 0.2, 0.2, 0.2, 0.2, 0.2, 0.2, 0.2, 0.2, 0.2, 0.2, 0.2, 0.2, 0.2, 0.2, 0.2, 0.2, 0.2, 0.2, 0.2, 0.2, 0.2, 0.2, 0.2, 0.2, 0.2, 0.2, 0.2, 0.2, 0.2, 0.2, 0.2, 0.2, 0.2, 0.2, 0.2, 0.2, 0.2, 0.2, 0.2, 0.2, 0.2, 0.2, 0.2, 0.2, 0.2, 0.2}	Convergence: 0.0203811
40	Pr: {1224.38, 1069.29, 924.516, 799.233, 696.747, 609.994, 542.903, 487.286, 446.913, 414.092, 391.887, 374.154, 363.056, 354.333, 349.321, 345.438, 343.406, 341.85, 341.116, 340.56, 340.325, 340.149, 340.083, 340.034, 340.018, 340.006, 340.002, 339.999, 339.995, 339.992, 339.983, 339.973, 339.948, 339.924, 339.864, 339.805, 339.679, 339.554, 339.315, 339.076, 338.669, 338.262, 337.637, 337.011, 336.145, 335.279, 334.194, 333.11, 331.88, 330.651}	Sw: {0.223603, 0.203403, 0.2, 0.2, 0.2, 0.2, 0.2, 0.2, 0.2, 0.2, 0.2, 0.2, 0.2, 0.2, 0.2, 0.2, 0.2, 0.2, 0.2, 0.2, 0.2, 0.2, 0.2, 0.2, 0.2, 0.2, 0.2, 0.2, 0.2, 0.2, 0.2, 0.2, 0.2, 0.2, 0.2, 0.2, 0.2, 0.2, 0.2, 0.2, 0.2, 0.2, 0.2, 0.2, 0.2, 0.2, 0.2, 0.2, 0.2, 0.2}	Convergence: 0.0162421
50	Pr: {1331.4, 1175.45, 1027.05, 896.558, 786.463, 691.454, 614.611, 549.49, 499.239, 457.386, 426.716, 401.585, 384.178, 370.13, 360.975, 353.69, 349.245, 345.752, 343.767, 342.225, 341.413, 340.788, 340.485, 340.253, 340.15, 340.071, 340.036, 340.008, 339.99, 339.974, 339.948, 339.924, 339.873, 339.822, 339.722, 339.623, 339.443, 339.263, 338.963, 338.664, 338.207, 337.749, 337.106, 336.462, 335.627, 334.791, 333.791, 332.791, 331.686, 330.58}	Sw: {0.223576, 0.20343, 0.2, 0.2, 0.2, 0.2, 0.2, 0.2, 0.2, 0.2, 0.2, 0.2, 0.2, 0.2, 0.2, 0.2, 0.2, 0.2, 0.2, 0.2, 0.2, 0.2, 0.2, 0.2, 0.2, 0.2, 0.2, 0.2, 0.2, 0.2, 0.2, 0.2, 0.2, 0.2, 0.2, 0.2, 0.2, 0.2, 0.2, 0.2, 0.2, 0.2, 0.2, 0.2, 0.2, 0.2, 0.2, 0.2, 0.2, 0.2}	Convergence: 0.0135887
60	Pr: {1427.99, 1271.38, 1120.32, 985.924, 870.129, 768.764, 684.322, 611.573, 553.177, 503.639, 465.451, 433.533, 409.98, 390.57, 376.904, 365.79, 358.349, 352.372, 348.578, 345.566, 343.76, 342.341, 341.539, 340.914, 340.58, 340.322, 340.187, 340.082, 340.017, 339.963, 339.907, 339.855, 339.772, 339.691, 339.552, 339.414, 339.19, 338.966, 338.624, 338.282, 337.797, 337.311, 336.666, 336.02, 335.219, 334.417, 333.486, 332.554, 331.542, 330.529}	Sw: {0.223556, 0.20345, 0.2, 0.2, 0.2, 0.2, 0.2, 0.2, 0.2, 0.2, 0.2, 0.2, 0.2, 0.2, 0.2, 0.2, 0.2, 0.2, 0.2, 0.2, 0.2, 0.2, 0.2, 0.2, 0.2, 0.2, 0.2, 0.2, 0.2, 0.2, 0.2, 0.2, 0.2, 0.2, 0.2, 0.2, 0.2, 0.2, 0.2, 0.2, 0.2, 0.2, 0.2, 0.2, 0.2, 0.2, 0.2, 0.2, 0.2, 0.2}	Convergence: 0.0116589
70	Pr: {1516.7, 1359.57, 1206.47, 1068.99, 948.721, 842.268, 751.7, 672.666, 607.446, 551.318, 506.503, 468.455, 439.135, 414.562, 396.332, 381.242, 370.489, 361.693, 355.686, 350.827, 347.654, 345.114, 343.531, 342.275, 341.525, 340.934, 340.59, 340.318, 340.149, 340.01, 339.896, 339.795, 339.67, 339.55, 339.374, 339.199, 338.938, 338.678, 338.307, 337.936, 337.436, 336.935, 336.296, 335.657, 334.888, 334.119, 333.244, 332.369, 331.429, 330.489}	Sw: {0.223541, 0.203465, 0.2, 0.2, 0.2, 0.2, 0.2, 0.2, 0.2, 0.2, 0.2, 0.2, 0.2, 0.2, 0.2, 0.2, 0.2, 0.2, 0.2, 0.2, 0.2, 0.2, 0.2, 0.2, 0.2, 0.2, 0.2, 0.2, 0.2, 0.2, 0.2, 0.2, 0.2, 0.2, 0.2, 0.2, 0.2, 0.2, 0.2, 0.2, 0.2, 0.2, 0.2, 0.2, 0.2, 0.2, 0.2, 0.2, 0.2, 0.2}	Convergence: 0.0103926
80	Pr: {1599.19, 1441.63, 1286.89, 1146.91, 1023.01, 912.368, 816.731, 732.409, 661.379, 599.539, 548.875, 505.308, 470.66, 441.22, 418.536, 399.485, 385.288, 373.497, 365.014, 358.043, 353.21, 349.277, 346.651, 344.533, 343.168, 342.076, 341.388, 340.837, 340.482, 340.193, 339.976, 339.79, 339.603, 339.43, 339.21, 338.995, 338.702, 338.411, 338.018, 337.626, 337.117, 336.609, 335.98, 335.352, 334.612, 333.873, 333.046, 332.219, 331.338, 330.457}	Sw: {0.223529, 0.203477, 0.2, 0.2, 0.2, 0.2, 0.2, 0.2, 0.2, 0.2, 0.2, 0.2, 0.2, 0.2, 0.2, 0.2, 0.2, 0.2, 0.2, 0.2, 0.2, 0.2, 0.2, 0.2, 0.2, 0.2, 0.2, 0.2, 0.2, 0.2, 0.2, 0.2, 0.2, 0.2, 0.2, 0.2, 0.2, 0.2, 0.2, 0.2, 0.2, 0.2, 0.2, 0.2, 0.2, 0.2, 0.2, 0.2, 0.2, 0.2}	Convergence: 0.00929961
90	Pr: {1676.62, 1518.7, 1362.6, 1220.53, 1093.62, 979.441, 879.519, 790.67, 714.626, 647.785, 591.929, 543.387, 503.845, 469.86, 442.914, 420.003, 402.348, 387.494, 376.384, 367.13, 360.42, 354.884, 350.995, 347.814, 345.645, 343.884, 342.709, 341.758, 341.12, 340.598, 340.22, 339.899, 339.619, 339.366, 339.09, 338.825, 338.497, 338.174, 337.761, 337.35, 336.837, 336.325, 335.708, 335.091, 334.379, 333.667, 332.881, 332.094, 331.262, 330.431}	Sw: {0.223519, 0.203487, 0.2, 0.2, 0.2, 0.2, 0.2, 0.2, 0.2, 0.2, 0.2, 0.2, 0.2, 0.2, 0.2, 0.2, 0.2, 0.2, 0.2, 0.2, 0.2, 0.2, 0.2, 0.2, 0.2, 0.2, 0.2, 0.2, 0.2, 0.2, 0.2, 0.2, 0.2, 0.2, 0.2, 0.2, 0.2, 0.2, 0.2, 0.2, 0.2, 0.2, 0.2, 0.2, 0.2, 0.2, 0.2, 0.2, 0.2, 0.2}	Convergence: 0.00845357
100	Pr: {1749.8, 1591.58, 1434.35, 1290.5, 1161.02, 1043.81, 940.21, 847.429, 767.005, 695.742, 635.25, 582.209, 538.176, 499.964, 468.978, 442.359, 421.301, 403.388, 389.578, 377.942, 369.208, 361.915, 356.588, 352.177, 349.037, 346.456, 344.655, 343.18, 342.154, 341.311, 340.701, 340.188, 339.771, 339.404, 339.048, 338.716, 338.342, 337.979, 337.544, 337.114, 336.595, 336.08, 335.473, 334.867, 334.179, 333.492, 332.74, 331.988, 331.198, 330.409}	Sw: {0.223511, 0.203495, 0.2, 0.2, 0.2, 0.2, 0.2, 0.2, 0.2, 0.2, 0.2, 0.2, 0.2, 0.2, 0.2, 0.2, 0.2, 0.2, 0.2, 0.2, 0.2, 0.2, 0.2, 0.2, 0.2, 0.2, 0.2, 0.2, 0.2, 0.2, 0.2, 0.2, 0.2, 0.2, 0.2, 0.2, 0.2, 0.2, 0.2, 0.2, 0.2, 0.2, 0.2, 0.2, 0.2, 0.2, 0.2, 0.2, 0.2, 0.2}	Convergence: 0.00780212
110	Pr: {1819.38, 1660.9, 1502.68, 1357.3, 1225.6, 1105.77, 998.956, 902.72, 818.427, 743.222, 678.564, 621.437, 573.28, 531.14, 496.348, 466.189, 441.825, 420.901, 404.377, 390.312, 379.462, 370.306, 363.408, 357.634, 353.382, 349.847, 347.293, 345.179, 343.663, 342.407, 341.489, 340.718, 340.114, 339.59, 339.122, 338.697, 338.261, 337.845, 337.379, 336.923, 336.395, 335.872, 335.273, 334.676, 334.008, 333.342, 332.62, 331.898, 331.144, 330.39}	Sw: {0.223504, 0.203502, 0.2, 0.2, 0.2, 0.2, 0.2, 0.2, 0.2, 0.2, 0.2, 0.2, 0.2, 0.2, 0.2, 0.2, 0.2, 0.2, 0.2, 0.2, 0.2, 0.2, 0.2, 0.2, 0.2, 0.2, 0.2, 0.2, 0.2, 0.2, 0.2, 0.2, 0.2, 0.2, 0.2, 0.2, 0.2, 0.2, 0.2, 0.2, 0.2, 0.2, 0.2, 0.2, 0.2, 0.2, 0.2, 0.2, 0.2, 0.2}	Convergence: 0.0072111
120	Pr: {1885.84, 1727.12, 1568.05, 1421.33, 1287.69, 1165.54, 1055.91, 956.601, 868.862, 790.115, 721.69, 660.834, 608.882, 563.091, 524.719, 491.197, 463.647, 439.787, 420.571, 404.069, 391.052, 379.965, 371.402, 364.164, 358.685, 354.086, 350.665, 347.808, 345.703, 343.947, 342.642, 341.546, 340.698, 339.969, 339.353, 338.803, 338.28, 337.793, 337.281, 336.788, 336.243, 335.707, 335.11, 334.517, 333.864, 333.214, 332.518, 331.822, 331.097, 330.373}	Sw: {0.223498, 0.203508, 0.2, 0.2, 0.2, 0.2, 0.2, 0.2, 0.2, 0.2, 0.2, 0.2, 0.2, 0.2, 0.2, 0.2, 0.2, 0.2, 0.2, 0.2, 0.2, 0.2, 0.2, 0.2, 0.2, 0.2, 0.2, 0.2, 0.2, 0.2, 0.2, 0.2, 0.2, 0.2, 0.2, 0.2, 0.2, 0.2, 0.2, 0.2, 0.2, 0.2, 0.2, 0.2, 0.2, 0.2, 0.2, 0.2, 0.2, 0.2}	Convergence: 0.00670308
130	Pr: {1949.56, 1790.64, 1630.82, 1482.9, 1347.56, 1223.34, 1111.19, 1009.14, 918.306, 836.355, 764.506, 700.234, 644.779, 595.59, 553.854, 517.144, 486.536, 459.834, 437.972, 419.053, 403.849, 390.794, 380.498, 371.722, 364.927, 359.173, 354.789, 351.097, 348.313, 345.974, 344.209, 342.72, 341.568, 340.584, 339.776, 339.066, 338.428, 337.845, 337.269, 336.724, 336.149, 335.591, 334.987, 334.392, 333.749, 333.11, 332.433, 331.758, 331.058, 330.36}	Sw: {0.223493, 0.203513, 0.2, 0.2, 0.2, 0.2, 0.2, 0.2, 0.2, 0.2, 0.2, 0.2, 0.2, 0.2, 0.2, 0.2, 0.2, 0.2, 0.2, 0.2, 0.2, 0.2, 0.2, 0.2, 0.2, 0.2, 0.2, 0.2, 0.2, 0.2, 0.2, 0.2, 0.2, 0.2, 0.2, 0.2, 0.2, 0.2, 0.2, 0.2, 0.2, 0.2, 0.2, 0.2, 0.2, 0.2, 0.2, 0.2, 0.2, 0.2}	Convergence: 0.00631311
140	Pr: {2010.86, 1851.75, 1691.26, 1542.28, 1405.41, 1279.35, 1164.94, 1060.41, 966.778, 881.91, 806.932, 739.517, 680.819, 628.463, 583.566, 543.835, 510.302, 480.859, 456.415, 435.115, 417.727, 402.689, 390.62, 380.255, 372.074, 365.094, 359.666, 355.06, 351.518, 348.521, 346.223, 344.276, 342.764, 341.471, 340.427, 339.517, 338.732, 338.025, 337.363, 336.746, 336.127, 335.533, 334.913, 334.306, 333.665, 333.031, 332.367, 331.707, 331.027, 330.349}	Sw: {0.223488, 0.203518, 0.2, 0.2, 0.2, 0.2, 0.2, 0.2, 0.2, 0.2, 0.2, 0.2, 0.2, 0.2, 0.2, 0.2, 0.2, 0.2, 0.2, 0.2, 0.2, 0.2, 0.2, 0.2, 0.2, 0.2, 0.2, 0.2, 0.2, 0.2, 0.2, 0.2, 0.2, 0.2, 0.2, 0.2, 0.2, 0.2, 0.2, 0.2, 0.2, 0.2, 0.2, 0.2, 0.2, 0.2, 0.2, 0.2, 0.2, 0.2}	Convergence: 0.00594747
150	Pr: {2069.99, 1910.71, 1749.63, 1599.69, 1461.44, 1333.71, 1217.27, 1110.49, 1014.3, 926.767, 848.915, 778.598, 716.889, 661.573, 613.703, 571.111, 534.786, 502.704, 475.751, 452.12, 432.57, 415.55, 401.687, 389.7, 380.084, 371.82, 365.284, 359.698, 355.327, 351.606, 348.709, 346.244, 344.313, 342.661, 341.336, 340.185, 339.217, 338.356, 337.582, 336.872, 336.191, 335.545, 334.896, 334.267, 333.618, 332.981, 332.323, 331.671, 331.005, 330.341}	Sw: {0.223484, 0.203522, 0.2, 0.2, 0.2, 0.2, 0.2, 0.2, 0.2, 0.2, 0.2, 0.2, 0.2, 0.2, 0.2, 0.2, 0.2, 0.2, 0.2, 0.2, 0.2, 0.2, 0.2, 0.2, 0.2, 0.2, 0.2, 0.2, 0.2, 0.2, 0.2, 0.2, 0.2, 0.2, 0.2, 0.2, 0.2, 0.2, 0.2, 0.2, 0.2, 0.2, 0.2, 0.2, 0.2, 0.2, 0.2, 0.2, 0.2, 0.2}	Convergence: 0.00560803
160	Pr: {2127.17, 1967.74, 1806.11, 1655.31, 1515.82, 1386.57, 1268.27, 1159.43, 1060.91, 970.925, 890.423, 817.415, 752.904, 694.815, 644.146, 598.844, 559.854, 525.239, 495.856, 469.95, 448.27, 429.284, 413.62, 399.992, 388.906, 379.319, 371.621, 365, 359.742, 355.237, 351.683, 348.643, 346.24, 344.179, 342.526, 341.094, 339.907, 338.86, 337.947, 337.119, 336.354, 335.64, 334.946, 334.282, 333.615, 332.965, 332.305, 331.653, 330.993, 330.336}	Sw: {0.22348, 0.203526, 0.2, 0.2, 0.2, 0.2, 0.2, 0.2, 0.2, 0.2, 0.2, 0.2, 0.2, 0.2, 0.2, 0.2, 0.2, 0.2, 0.2, 0.2, 0.2, 0.2, 0.2, 0.2, 0.2, 0.2, 0.2, 0.2, 0.2, 0.2, 0.2, 0.2, 0.2, 0.2, 0.2, 0.2, 0.2, 0.2, 0.2, 0.2, 0.2, 0.2, 0.2, 0.2, 0.2, 0.2, 0.2, 0.2, 0.2, 0.2}	Convergence: 0.00532854
170	Pr: {2182.57, 2023.01, 1860.89, 1709.29, 1568.66, 1438.03, 1318.03, 1207.31, 1106.65, 1014.39, 931.437, 855.925, 788.798, 728.109, 674.799, 626.927, 585.395, 548.349, 516.617, 488.5, 464.73, 443.803, 426.343, 411.068, 398.49, 387.549, 378.65, 370.951, 364.755, 359.416, 355.151, 351.485, 348.561, 346.044, 344.019, 342.266, 340.823, 339.557, 338.475, 337.504, 336.634, 335.831, 335.076, 334.361, 333.663, 332.988, 332.316, 331.655, 330.993, 330.336}	Sw: {0.223477, 0.203529, 0.2, 0.2, 0.2, 0.2, 0.2, 0.2, 0.2, 0.2, 0.2, 0.2, 0.2, 0.2, 0.2, 0.2, 0.2, 0.2, 0.2, 0.2, 0.2, 0.2, 0.2, 0.2, 0.2, 0.2, 0.2, 0.2, 0.2, 0.2, 0.2, 0.2, 0.2, 0.2, 0.2, 0.2, 0.2, 0.2, 0.2, 0.2, 0.2, 0.2, 0.2, 0.2, 0.2, 0.2, 0.2, 0.2, 0.2, 0.2}	Convergence: 0.00508436
180	Pr: {2236.36, 2076.67, 1914.1, 1761.78, 1620.11, 1488.2, 1366.64, 1254.18, 1151.54, 1057.18, 971.947, 894.1, 824.523, 761.388, 705.585, 655.274, 611.317, 571.939, 537.94, 507.676, 481.862, 459.026, 439.785, 422.866, 408.783, 396.47, 386.339, 377.527, 370.351, 364.136, 359.115, 354.777, 351.285, 348.269, 345.831, 343.716, 341.982, 340.464, 339.183, 338.042, 337.042, 336.13, 335.295, 334.514, 333.77, 333.058, 332.361, 331.682, 331.007, 330.34}	Sw: {0.223474, 0.203533, 0.2, 0.2, 0.2, 0.2, 0.2, 0.2, 0.2, 0.2, 0.2, 0.2, 0.2, 0.2, 0.2, 0.2, 0.2, 0.2, 0.2, 0.2, 0.2, 0.2, 0.2, 0.2, 0.2, 0.2, 0.2, 0.2, 0.2, 0.2, 0.2, 0.2, 0.2, 0.2, 0.2, 0.2, 0.2, 0.2, 0.2, 0.2, 0.2, 0.2, 0.2, 0.2, 0.2, 0.2, 0.2, 0.2, 0.2, 0.2}	Convergence: 0.00485218
190	Pr: {2288.67, 2128.86, 1965.88, 1812.89, 1670.26, 1537.17, 1414.17, 1300.09, 1195.62, 1099.31, 1011.95, 931.917, 860.043, 794.602, 736.442, 683.814, 637.542, 595.927, 559.743, 527.397, 499.59, 474.88, 453.88, 435.326, 419.736, 406.039, 394.655, 384.703, 376.514, 369.386, 363.568, 358.52, 354.418, 350.863, 347.971, 345.459, 343.398, 341.595, 340.086, 338.748, 337.593, 336.55, 335.615, 334.749, 333.943, 333.18, 332.446, 331.736, 331.038, 330.349}	Sw: {0.223471, 0.203535, 0.2, 0.2, 0.2, 0.2, 0.2, 0.2, 0.2, 0.2, 0.2, 0.2, 0.2, 0.2, 0.2, 0.2, 0.2, 0.2, 0.2, 0.2, 0.2, 0.2, 0.2, 0.2, 0.2, 0.2, 0.2, 0.2, 0.2, 0.2, 0.2, 0.2, 0.2, 0.2, 0.2, 0.2, 0.2, 0.2, 0.2, 0.2, 0.2, 0.2, 0.2, 0.2, 0.2, 0.2, 0.2, 0.2, 0.2, 0.2}	Convergence: 0.00463278
200	Pr: {2339.61, 2179.69, 2016.33, 1862.72, 1719.21, 1585.03, 1460.69, 1345.11, 1238.93, 1140.8, 1051.45, 969.365, 895.329, 827.713, 767.318, 712.486, 664.004, 620.244, 581.953, 547.592, 517.843, 491.3, 468.565, 448.394, 431.3, 416.214, 403.562, 392.451, 383.222, 375.153, 368.504, 362.709, 357.961, 353.83, 350.449, 347.505, 345.083, 342.963, 341.196, 339.633, 338.299, 337.101, 336.045, 335.076, 334.192, 333.361, 332.576, 331.821, 331.087, 330.365}	Sw: {0.223468, 0.203538, 0.2, 0.2, 0.2, 0.2, 0.2, 0.2, 0.2, 0.2, 0.2, 0.2, 0.2, 0.2, 0.2, 0.2, 0.2, 0.2, 0.2, 0.2, 0.2, 0.2, 0.2, 0.2, 0.2, 0.2, 0.2, 0.2, 0.2, 0.2, 0.2, 0.2, 0.2, 0.2, 0.2, 0.2, 0.2, 0.2, 0.2, 0.2, 0.2, 0.2, 0.2, 0.2, 0.2, 0.2, 0.2, 0.2, 0.2, 0.2}	Convergence: 0.0044476
210	Pr: {2389.29, 2229.27, 2065.55, 1911.36, 1767.03, 1631.84, 1506.26, 1389.28, 1281.5, 1181.66, 1090.45, 1006.44, 930.361, 860.687, 798.174, 741.243, 690.648, 644.83, 604.508, 568.197, 536.559, 508.225, 483.786, 462.016, 443.428, 426.955, 413.027, 400.744, 390.454, 381.419, 373.91, 367.339, 361.912, 357.172, 353.268, 349.858, 347.043, 344.577, 342.522, 340.708, 339.17, 337.793, 336.595, 335.504, 334.522, 333.607, 332.755, 331.94, 331.157, 330.387}	Sw: {0.223466, 0.20354, 0.2, 0.2, 0.2, 0.2, 0.2, 0.2, 0.2, 0.2, 0.2, 0.2, 0.2, 0.2, 0.2, 0.2, 0.2, 0.2, 0.2, 0.2, 0.2, 0.2, 0.2, 0.2, 0.2, 0.2, 0.2, 0.2, 0.2, 0.2, 0.2, 0.2, 0.2, 0.2, 0.2, 0.2, 0.2, 0.2, 0.2, 0.2, 0.2, 0.2, 0.2, 0.2, 0.2, 0.2, 0.2, 0.2, 0.2, 0.2}	Convergence: 0.00428218
220	Pr: {2437.79, 2277.67, 2113.63, 1958.9, 1813.81, 1677.66, 1550.92, 1432.63, 1323.36, 1221.92, 1128.96, 1043.12, 965.126, 893.5, 828.975, 770.043, 717.428, 669.634, 627.356, 589.157, 555.684, 525.602, 499.491, 476.146, 456.076, 438.223, 423.016, 409.552, 398.186, 388.166, 379.773, 372.401, 366.265, 360.888, 356.429, 352.524, 349.286, 346.444, 344.074, 341.982, 340.213, 338.636, 337.274, 336.039, 334.941, 333.924, 332.988, 332.098, 331.249, 330.418}	Sw: {0.223463, 0.203543, 0.2, 0.2, 0.2, 0.2, 0.2, 0.2, 0.2, 0.2, 0.2, 0.2, 0.2, 0.2, 0.2, 0.2, 0.2, 0.2, 0.2, 0.2, 0.2, 0.2, 0.2, 0.2, 0.2, 0.2, 0.2, 0.2, 0.2, 0.2, 0.2, 0.2, 0.2, 0.2, 0.2, 0.2, 0.2, 0.2, 0.2, 0.2, 0.2, 0.2, 0.2, 0.2, 0.2, 0.2, 0.2, 0.2, 0.2, 0.2}	Convergence: 0.00412301
230	Pr: {2485.19, 2324.99, 2160.64, 2005.41, 1859.6, 1722.57, 1594.74, 1475.22, 1364.54, 1261.59, 1166.98, 1079.43, 999.611, 926.135, 859.693, 798.853, 744.303, 694.612, 650.448, 610.424, 575.168, 543.381, 515.632, 490.739, 469.204, 449.979, 433.495, 418.847, 406.394, 395.374, 386.078, 377.882, 371.012, 364.972, 359.931, 355.504, 351.814, 348.57, 345.857, 343.461, 341.438, 339.636, 338.087, 336.688, 335.454, 334.316, 333.279, 332.296, 331.365, 330.456}	Sw: {0.223461, 0.203545, 0.2, 0.2, 0.2, 0.2, 0.2, 0.2, 0.2, 0.2, 0.2, 0.2, 0.2, 0.2, 0.2, 0.2, 0.2, 0.2, 0.2, 0.2, 0.2, 0.2, 0.2, 0.2, 0.2, 0.2, 0.2, 0.2, 0.2, 0.2, 0.2, 0.2, 0.2, 0.2, 0.2, 0.2, 0.2, 0.2, 0.2, 0.2, 0.2, 0.2, 0.2, 0.2, 0.2, 0.2, 0.2, 0.2, 0.2, 0.2}	Convergence: 0.00397058
240	Pr: {2531.57, 2371.29, 2206.65, 2050.95, 1904.47, 1766.6, 1637.75, 1517.08, 1405.08, 1300.71, 1204.54, 1115.36, 1033.81, 958.574, 890.308, 827.643, 771.241, 719.726, 673.743, 631.955, 594.967, 561.52, 532.168, 505.754, 482.774, 462.19, 444.433, 428.6, 415.053, 403.023, 392.808, 383.77, 376.145, 369.418, 363.771, 358.796, 354.628, 350.956, 347.874, 345.15, 342.848, 340.798, 339.041, 337.457, 336.067, 334.789, 333.631, 332.538, 331.507, 330.503}	Sw: {0.223459, 0.203547, 0.2, 0.2, 0.2, 0.2, 0.2, 0.2, 0.2, 0.2, 0.2, 0.2, 0.2, 0.2, 0.2, 0.2, 0.2, 0.2, 0.2, 0.2, 0.2, 0.2, 0.2, 0.2, 0.2, 0.2, 0.2, 0.2, 0.2, 0.2, 0.2, 0.2, 0.2, 0.2, 0.2, 0.2, 0.2, 0.2, 0.2, 0.2, 0.2, 0.2, 0.2, 0.2, 0.2, 0.2, 0.2, 0.2, 0.2, 0.2}	Convergence: 0.00383174
250	Pr: {2576.99, 2416.63, 2251.72, 2095.58, 1948.46, 1809.82, 1680.01, 1558.24, 1445, 1339.28, 1241.63, 1150.91, 1067.72, 990.809, 920.802, 856.391, 798.212, 744.944, 697.208, 653.711, 615.043, 579.978, 549.06, 521.154, 496.748, 474.821, 455.8, 438.784, 424.14, 411.093, 399.946, 390.052, 381.653, 374.22, 367.943, 362.398, 357.728, 353.604, 350.129, 347.053, 344.449, 342.128, 340.14, 338.349, 336.782, 335.344, 334.047, 332.825, 331.677, 330.559}	Sw: {0.223458, 0.203549, 0.2, 0.2, 0.2, 0.2, 0.2, 0.2, 0.2, 0.2, 0.2, 0.2, 0.2, 0.2, 0.2, 0.2, 0.2, 0.2, 0.2, 0.2, 0.2, 0.2, 0.2, 0.2, 0.2, 0.2, 0.2, 0.2, 0.2, 0.2, 0.2, 0.2, 0.2, 0.2, 0.2, 0.2, 0.2, 0.2, 0.2, 0.2, 0.2, 0.2, 0.2, 0.2, 0.2, 0.2, 0.2, 0.2, 0.2, 0.2}	Convergence: 0.00371366
260	Pr: {2621.5, 2461.07, 2295.91, 2139.35, 1991.64, 1852.25, 1721.53, 1598.74, 1484.32, 1377.32, 1278.28, 1186.09, 1101.34, 1022.83, 951.158, 885.076, 825.193, 770.237, 720.809, 675.659, 635.361, 598.721, 566.272, 536.904, 511.096, 487.842, 467.566, 449.374, 433.631, 419.563, 407.476, 396.713, 387.525, 379.368, 372.442, 366.305, 361.111, 356.512, 352.622, 349.171, 346.241, 343.629, 341.388, 339.369, 337.604, 335.986, 334.53, 333.16, 331.874, 330.624}	Sw: {0.223456, 0.20355, 0.2, 0.2, 0.2, 0.2, 0.2, 0.2, 0.2, 0.2, 0.2, 0.2, 0.2, 0.2, 0.2, 0.2, 0.2, 0.2, 0.2, 0.2, 0.2, 0.2, 0.2, 0.2, 0.2, 0.2, 0.2, 0.2, 0.2, 0.2, 0.2, 0.2, 0.2, 0.2, 0.2, 0.2, 0.2, 0.2, 0.2, 0.2, 0.2, 0.2, 0.2, 0.2, 0.2, 0.2, 0.2, 0.2, 0.2, 0.2}	Convergence: 0.0035989
270	Pr: {2665.16, 2504.66, 2339.26, 2182.31, 2034.04, 1893.95, 1762.37, 1638.6, 1523.06, 1414.86, 1314.48, 1220.9, 1134.67, 1054.63, 981.367, 913.683, 852.162, 795.581, 744.519, 697.77, 655.889, 617.717, 583.773, 552.972, 525.786, 501.223, 479.705, 460.343, 443.504, 428.413, 415.378, 403.738, 393.747, 384.853, 377.259, 370.512, 364.774, 359.68, 355.352, 351.505, 348.228, 345.301, 342.786, 340.518, 338.535, 336.717, 335.081, 333.543, 332.101, 330.7}	Sw: {0.223454, 0.203552, 0.2, 0.2, 0.2, 0.2, 0.2, 0.2, 0.2, 0.2, 0.2, 0.2, 0.2, 0.2, 0.2, 0.2, 0.2, 0.2, 0.2, 0.2, 0.2, 0.2, 0.2, 0.2, 0.2, 0.2, 0.2, 0.2, 0.2, 0.2, 0.2, 0.2, 0.2, 0.2, 0.2, 0.2, 0.2, 0.2, 0.2, 0.2, 0.2, 0.2, 0.2, 0.2, 0.2, 0.2, 0.2, 0.2, 0.2, 0.2}	Convergence: 0.00348782
280	Pr: {2708.02, 2547.45, 2381.82, 2224.5, 2075.7, 1934.94, 1802.56, 1677.86, 1561.26, 1451.91, 1350.27, 1255.36, 1167.7, 1086.2, 1011.42, 942.197, 879.101, 820.954, 768.316, 720.018, 676.601, 636.937, 601.534, 569.33, 540.79, 514.938, 492.191, 471.669, 453.738, 437.623, 423.637, 411.112, 400.308, 390.663, 382.386, 375.014, 368.712, 363.104, 358.318, 354.054, 350.408, 347.147, 344.335, 341.798, 339.575, 337.537, 335.701, 333.976, 332.358, 330.785}	Sw: {0.223453, 0.203554, 0.2, 0.2, 0.2, 0.2, 0.2, 0.2, 0.2, 0.2, 0.2, 0.2, 0.2, 0.2, 0.2, 0.2, 0.2, 0.2, 0.2, 0.2, 0.2, 0.2, 0.2, 0.2, 0.2, 0.2, 0.2, 0.2, 0.2, 0.2, 0.2, 0.2, 0.2, 0.2, 0.2, 0.2, 0.2, 0.2, 0.2, 0.2, 0.2, 0.2, 0.2, 0.2, 0.2, 0.2, 0.2, 0.2, 0.2, 0.2}	Convergence: 0.00338064
290	Pr: {2750.11, 2589.48, 2423.64, 2265.96, 2116.66, 1975.27, 1842.12, 1716.54, 1598.93, 1488.48, 1385.64, 1289.46, 1200.44, 1117.55, 1041.31, 970.607, 905.996, 846.339, 792.177, 742.379, 697.47, 656.354, 619.527, 585.95, 556.082, 528.96, 504.999, 483.328, 464.31, 447.175, 432.235, 418.82, 407.195, 396.787, 387.815, 379.801, 372.919, 366.779, 361.516, 356.816, 352.781, 349.165, 346.037, 343.21, 340.727, 338.448, 336.393, 334.459, 332.645, 330.881}	Sw: {0.223451, 0.203555, 0.2, 0.2, 0.2, 0.2, 0.2, 0.2, 0.2, 0.2, 0.2, 0.2, 0.2, 0.2, 0.2, 0.2, 0.2, 0.2, 0.2, 0.2, 0.2, 0.2, 0.2, 0.2, 0.2, 0.2, 0.2, 0.2, 0.2, 0.2, 0.2, 0.2, 0.2, 0.2, 0.2, 0.2, 0.2, 0.2, 0.2, 0.2, 0.2, 0.2, 0.2, 0.2, 0.2, 0.2, 0.2, 0.2, 0.2, 0.2}	Convergence: 0.00328725
300	Pr: {2791.48, 2630.79, 2464.75, 2306.73, 2156.95, 2014.97, 1881.08, 1754.66, 1636.09, 1524.6, 1420.6, 1323.21, 1232.9, 1148.67, 1071.02, 998.903, 932.833, 871.719, 816.083, 764.832, 718.475, 675.946, 637.729, 602.81, 571.637, 543.267, 518.108, 495.299, 475.202, 457.049, 441.155, 426.847, 414.393, 403.215, 393.535, 384.866, 377.389, 370.701, 364.942, 359.789, 355.345, 351.354, 347.89, 344.754, 341.99, 339.451, 337.154, 334.993, 332.962, 330.987}	Sw: {0.22345, 0.203556, 0.2, 0.2, 0.2, 0.2, 0.2, 0.2, 0.2, 0.2, 0.2, 0.2, 0.2, 0.2, 0.2, 0.2, 0.2, 0.2, 0.2, 0.2, 0.2, 0.2, 0.2, 0.2, 0.2, 0.2, 0.2, 0.2, 0.2, 0.2, 0.2, 0.2, 0.2, 0.2, 0.2, 0.2, 0.2, 0.2, 0.2, 0.2, 0.2, 0.2, 0.2, 0.2, 0.2, 0.2, 0.2, 0.2, 0.2, 0.2}	Convergence: 0.00320151
310	Pr: {2832.17, 2671.42, 2505.18, 2346.84, 2196.61, 2054.05, 1919.46, 1792.25, 1672.77, 1560.27, 1455.18, 1356.63, 1265.07, 1179.55, 1100.56, 1027.08, 959.602, 897.081, 840.02, 787.36, 739.596, 695.691, 656.118, 619.885, 587.434, 557.836, 531.495, 507.561, 486.393, 467.228, 450.381, 435.178, 421.89, 409.934, 399.536, 390.202, 382.114, 374.863, 368.593, 362.968, 358.098, 353.714, 349.894, 346.428, 343.364, 340.544, 337.987, 335.577, 333.309, 331.103}	Sw: {0.223448, 0.203558, 0.2, 0.2, 0.2, 0.2, 0.2, 0.2, 0.2, 0.2, 0.2, 0.2, 0.2, 0.2, 0.2, 0.2, 0.2, 0.2, 0.2, 0.2, 0.2, 0.2, 0.2, 0.2, 0.2, 0.2, 0.2, 0.2, 0.2, 0.2, 0.2, 0.2, 0.2, 0.2, 0.2, 0.2, 0.2, 0.2, 0.2, 0.2, 0.2, 0.2, 0.2, 0.2, 0.2, 0.2, 0.2, 0.2, 0.2, 0.2}	Convergence: 0.00311777
320	Pr: {2872.19, 2711.39, 2544.97, 2386.33, 2235.66, 2092.56, 1957.3, 1829.33, 1708.97, 1595.52, 1489.38, 1389.71, 1296.96, 1210.21, 1129.92, 1055.12, 986.292, 922.411, 863.971, 809.945, 760.815, 715.57, 674.674, 637.157, 603.451, 572.647, 545.141, 520.095, 497.865, 477.694, 459.896, 443.799, 429.673, 416.933, 405.808, 395.797, 387.088, 379.26, 372.462, 366.35, 361.035, 356.24, 352.046, 348.232, 344.848, 341.727, 338.89, 336.212, 333.687, 331.229}	Sw: {0.223447, 0.203559, 0.2, 0.2, 0.2, 0.2, 0.2, 0.2, 0.2, 0.2, 0.2, 0.2, 0.2, 0.2, 0.2, 0.2, 0.2, 0.2, 0.2, 0.2, 0.2, 0.2, 0.2, 0.2, 0.2, 0.2, 0.2, 0.2, 0.2, 0.2, 0.2, 0.2, 0.2, 0.2, 0.2, 0.2, 0.2, 0.2, 0.2, 0.2, 0.2, 0.2, 0.2, 0.2, 0.2, 0.2, 0.2, 0.2, 0.2, 0.2}	Convergence: 0.00303623
330	Pr: {2911.6, 2750.75, 2584.15, 2425.22, 2274.13, 2130.51, 1994.62, 1865.91, 1744.72, 1630.35, 1523.2, 1422.47, 1328.57, 1240.64, 1159.11, 1083.04, 1012.9, 947.701, 887.925, 832.574, 782.115, 735.566, 693.378, 654.604, 619.67, 587.68, 559.027, 532.883, 509.601, 488.431, 469.686, 452.694, 437.728, 424.2, 412.341, 401.645, 392.301, 383.884, 376.545, 369.929, 364.154, 358.931, 354.344, 350.163, 346.44, 343, 339.862, 336.897, 334.095, 331.366}	Sw: {0.223446, 0.20356, 0.2, 0.2, 0.2, 0.2, 0.2, 0.2, 0.2, 0.2, 0.2, 0.2, 0.2, 0.2, 0.2, 0.2, 0.2, 0.2, 0.2, 0.2, 0.2, 0.2, 0.2, 0.2, 0.2, 0.2, 0.2, 0.2, 0.2, 0.2, 0.2, 0.2, 0.2, 0.2, 0.2, 0.2, 0.2, 0.2, 0.2, 0.2, 0.2, 0.2, 0.2, 0.2, 0.2, 0.2, 0.2, 0.2, 0.2, 0.2}	Convergence: 0.00295702
340	Pr: {2950.41, 2789.51, 2622.74, 2463.53, 2312.05, 2167.93, 2031.43, 1902.03, 1780.03, 1664.79, 1556.67, 1454.91, 1359.92, 1270.84, 1188.11, 1110.81, 1039.41, 972.94, 911.87, 855.233, 803.481, 755.662, 712.214, 672.212, 636.072, 602.918, 573.135, 545.907, 521.585, 499.424, 479.735, 461.851, 446.043, 431.724, 419.123, 407.734, 397.746, 388.728, 380.834, 373.701, 367.449, 361.782, 356.784, 352.219, 348.139, 344.36, 340.903, 337.631, 334.533, 331.512}	Sw: {0.223445, 0.203561, 0.2, 0.2, 0.2, 0.2, 0.2, 0.2, 0.2, 0.2, 0.2, 0.2, 0.2, 0.2, 0.2, 0.2, 0.2, 0.2, 0.2, 0.2, 0.2, 0.2, 0.2, 0.2, 0.2, 0.2, 0.2, 0.2, 0.2, 0.2, 0.2, 0.2, 0.2, 0.2, 0.2, 0.2, 0.2, 0.2, 0.2, 0.2, 0.2, 0.2, 0.2, 0.2, 0.2, 0.2, 0.2, 0.2, 0.2, 0.2}	Convergence: 0.00288764
350	Pr: {2988.65, 2827.7, 2660.77, 2501.29, 2349.43, 2204.84, 2067.76, 1937.68, 1814.92, 1698.84, 1589.79, 1487.04, 1390.99, 1300.81, 1216.92, 1138.45, 1065.82, 998.12, 935.796, 877.909, 824.902, 775.845, 731.166, 689.962, 652.642, 618.344, 587.449, 559.152, 533.8, 510.656, 490.028, 471.255, 454.605, 439.491, 426.145, 414.055, 403.415, 393.785, 385.323, 377.66, 370.916, 364.789, 359.364, 354.397, 349.942, 345.806, 342.012, 338.413, 335, 331.669}	Sw: {0.223444, 0.203562, 0.2, 0.2, 0.2, 0.2, 0.2, 0.2, 0.2, 0.2, 0.2, 0.2, 0.2, 0.2, 0.2, 0.2, 0.2, 0.2, 0.2, 0.2, 0.2, 0.2, 0.2, 0.2, 0.2, 0.2, 0.2, 0.2, 0.2, 0.2, 0.2, 0.2, 0.2, 0.2, 0.2, 0.2, 0.2, 0.2, 0.2, 0.2, 0.2, 0.2, 0.2, 0.2, 0.2, 0.2, 0.2, 0.2, 0.2, 0.2}	Convergence: 0.00282283
360	Pr: {3026.34, 2865.35, 2698.26, 2538.53, 2386.31, 2241.26, 2103.62, 1972.9, 1849.39, 1732.51, 1622.57, 1518.87, 1421.8, 1330.56, 1245.55, 1165.94, 1092.13, 1023.24, 959.694, 900.594, 846.364, 796.1, 750.22, 707.842, 669.364, 633.943, 601.953, 572.602, 546.231, 522.113, 500.553, 480.893, 463.402, 447.492, 433.396, 420.6, 409.298, 399.047, 390.006, 381.799, 374.55, 367.948, 362.08, 356.695, 351.847, 347.337, 343.186, 339.243, 335.495, 331.835}	Sw: {0.223443, 0.203563, 0.2, 0.2, 0.2, 0.2, 0.2, 0.2, 0.2, 0.2, 0.2, 0.2, 0.2, 0.2, 0.2, 0.2, 0.2, 0.2, 0.2, 0.2, 0.2, 0.2, 0.2, 0.2, 0.2, 0.2, 0.2, 0.2, 0.2, 0.2, 0.2, 0.2, 0.2, 0.2, 0.2, 0.2, 0.2, 0.2, 0.2, 0.2, 0.2, 0.2, 0.2, 0.2, 0.2, 0.2, 0.2, 0.2, 0.2, 0.2}	Convergence: 0.00275921
370	Pr: {3063.51, 2902.48, 2735.24, 2575.27, 2422.69, 2277.21, 2139.03, 2007.69, 1883.48, 1765.81, 1655.01, 1550.4, 1452.35, 1360.08, 1274, 1193.28, 1118.33, 1048.28, 983.557, 923.277, 867.857, 816.417, 769.364, 725.836, 686.223, 649.7, 616.632, 586.242, 558.865, 533.782, 511.296, 490.753, 472.422, 455.715, 440.866, 427.358, 415.387, 404.506, 394.875, 386.114, 378.346, 371.254, 364.928, 359.109, 353.851, 348.95, 344.424, 340.119, 336.018, 332.011}	Sw: {0.223442, 0.203565, 0.2, 0.2, 0.2, 0.2, 0.2, 0.2, 0.2, 0.2, 0.2, 0.2, 0.2, 0.2, 0.2, 0.2, 0.2, 0.2, 0.2, 0.2, 0.2, 0.2, 0.2, 0.2, 0.2, 0.2, 0.2, 0.2, 0.2, 0.2, 0.2, 0.2, 0.2, 0.2, 0.2, 0.2, 0.2, 0.2, 0.2, 0.2, 0.2, 0.2, 0.2, 0.2, 0.2, 0.2, 0.2, 0.2, 0.2, 0.2}	Convergence: 0.00269691
380	Pr: {3100.18, 2939.11, 2771.73, 2611.52, 2458.61, 2312.71, 2174.01, 2042.08, 1917.18, 1798.76, 1687.14, 1581.65, 1482.64, 1389.39, 1302.27, 1220.48, 1144.41, 1073.24, 1007.38, 945.949, 889.371, 836.783, 788.584, 743.932, 703.208, 665.602, 631.474, 600.058, 571.687, 545.648, 522.244, 500.823, 481.653, 464.149, 448.544, 434.32, 421.673, 410.155, 399.924, 390.597, 382.297, 374.703, 367.904, 361.636, 355.952, 350.642, 345.725, 341.04, 336.569, 332.195}	Sw: {0.223441, 0.203565, 0.2, 0.2, 0.2, 0.2, 0.2, 0.2, 0.2, 0.2, 0.2, 0.2, 0.2, 0.2, 0.2, 0.2, 0.2, 0.2, 0.2, 0.2, 0.2, 0.2, 0.2, 0.2, 0.2, 0.2, 0.2, 0.2, 0.2, 0.2, 0.2, 0.2, 0.2, 0.2, 0.2, 0.2, 0.2, 0.2, 0.2, 0.2, 0.2, 0.2, 0.2, 0.2, 0.2, 0.2, 0.2, 0.2, 0.2, 0.2}	Convergence: 0.00263603
390	Pr: {3136.37, 2975.25, 2807.74, 2647.3, 2494.07, 2347.76, 2208.57, 2076.07, 1950.51, 1831.37, 1718.95, 1612.61, 1512.69, 1418.48, 1330.35, 1247.52, 1170.39, 1098.13, 1031.15, 968.604, 910.897, 857.19, 807.872, 762.118, 720.305, 681.636, 646.465, 614.039, 584.685, 557.701, 533.384, 511.09, 491.083, 472.783, 456.42, 441.476, 428.149, 415.985, 405.145, 395.241, 386.399, 378.29, 371.004, 364.271, 358.146, 352.412, 347.087, 342.004, 337.145, 332.389}	Sw: {0.22344, 0.203566, 0.2, 0.2, 0.2, 0.2, 0.2, 0.2, 0.2, 0.2, 0.2, 0.2, 0.2, 0.2, 0.2, 0.2, 0.2, 0.2, 0.2, 0.2, 0.2, 0.2, 0.2, 0.2, 0.2, 0.2, 0.2, 0.2, 0.2, 0.2, 0.2, 0.2, 0.2, 0.2, 0.2, 0.2, 0.2, 0.2, 0.2, 0.2, 0.2, 0.2, 0.2, 0.2, 0.2, 0.2, 0.2, 0.2, 0.2, 0.2}	Convergence: 0.00257948
400	Pr: {3172.09, 3010.94, 2843.3, 2682.64, 2529.1, 2382.4, 2242.72, 2109.67, 1983.49, 1863.65, 1750.46, 1643.3, 1542.49, 1447.36, 1358.25, 1274.42, 1196.24, 1122.93, 1054.86, 991.233, 932.427, 877.628, 827.216, 780.385, 737.503, 697.79, 661.593, 628.171, 597.847, 569.927, 544.705, 521.543, 500.703, 481.607, 464.484, 448.818, 434.804, 421.988, 410.531, 400.042, 390.645, 382.008, 374.222, 367.012, 360.43, 354.256, 348.507, 343.011, 337.748, 332.591}	Sw: {0.223439, 0.203567, 0.2, 0.2, 0.2, 0.2, 0.2, 0.2, 0.2, 0.2, 0.2, 0.2, 0.2, 0.2, 0.2, 0.2, 0.2, 0.2, 0.2, 0.2, 0.2, 0.2, 0.2, 0.2, 0.2, 0.2, 0.2, 0.2, 0.2, 0.2, 0.2, 0.2, 0.2, 0.2, 0.2, 0.2, 0.2, 0.2, 0.2, 0.2, 0.2, 0.2, 0.2, 0.2, 0.2, 0.2, 0.2, 0.2, 0.2, 0.2}	Convergence: 0.00252874
410	Pr: {3207.37, 3046.18, 2878.41, 2717.54, 2563.71, 2416.63, 2276.49, 2142.91, 2016.11, 1895.61, 1781.67, 1673.71, 1572.05, 1476.02, 1385.97, 1301.17, 1221.98, 1147.64, 1078.52, 1013.83, 953.954, 898.089, 846.607, 798.721, 754.791, 714.053, 676.846, 642.443, 611.161, 582.315, 556.196, 532.172, 510.502, 490.611, 472.728, 456.336, 441.631, 428.158, 416.076, 404.992, 395.029, 385.854, 377.555, 369.853, 362.801, 356.173, 349.984, 344.059, 338.374, 332.802}	Sw: {0.223438, 0.203568, 0.2, 0.2, 0.2, 0.2, 0.2, 0.2, 0.2, 0.2, 0.2, 0.2, 0.2, 0.2, 0.2, 0.2, 0.2, 0.2, 0.2, 0.2, 0.2, 0.2, 0.2, 0.2, 0.2, 0.2, 0.2, 0.2, 0.2, 0.2, 0.2, 0.2, 0.2, 0.2, 0.2, 0.2, 0.2, 0.2, 0.2, 0.2, 0.2, 0.2, 0.2, 0.2, 0.2, 0.2, 0.2, 0.2, 0.2, 0.2}	Convergence: 0.0024787
420	Pr: {3242.22, 3080.99, 2913.1, 2752.03, 2597.91, 2450.47, 2309.89, 2175.79, 2048.4, 1927.24, 1812.59, 1703.86, 1601.38, 1504.48, 1413.51, 1327.77, 1247.59, 1172.26, 1102.11, 1036.39, 975.471, 918.564, 866.036, 817.118, 772.16, 730.414, 692.215, 656.845, 624.616, 594.855, 567.846, 542.965, 520.468, 499.785, 481.141, 464.022, 448.622, 434.485, 421.771, 410.084, 399.547, 389.822, 380.998, 372.792, 365.255, 358.158, 351.515, 345.146, 339.025, 333.021}	Sw: {0.223437, 0.203569, 0.2, 0.2, 0.2, 0.2, 0.2, 0.2, 0.2, 0.2, 0.2, 0.2, 0.2, 0.2, 0.2, 0.2, 0.2, 0.2, 0.2, 0.2, 0.2, 0.2, 0.2, 0.2, 0.2, 0.2, 0.2, 0.2, 0.2, 0.2, 0.2, 0.2, 0.2, 0.2, 0.2, 0.2, 0.2, 0.2, 0.2, 0.2, 0.2, 0.2, 0.2, 0.2, 0.2, 0.2, 0.2, 0.2, 0.2, 0.2}	Convergence: 0.00242945
430	Pr: {3276.65, 3115.39, 2947.38, 2786.12, 2631.72, 2483.93, 2342.91, 2208.32, 2080.36, 1958.58, 1843.23, 1733.76, 1630.47, 1532.73, 1440.88, 1354.21, 1273.09, 1196.78, 1125.64, 1058.91, 996.971, 939.047, 885.496, 835.566, 789.6, 746.865, 707.689, 671.365, 638.202, 607.535, 579.644, 553.912, 530.593, 509.119, 489.714, 471.867, 455.768, 440.963, 427.611, 415.312, 404.191, 393.907, 384.547, 375.824, 367.79, 360.211, 353.099, 346.27, 339.699, 333.247}	Sw: {0.223436, 0.20357, 0.2, 0.2, 0.2, 0.2, 0.2, 0.2, 0.2, 0.2, 0.2, 0.2, 0.2, 0.2, 0.2, 0.2, 0.2, 0.2, 0.2, 0.2, 0.2, 0.2, 0.2, 0.2, 0.2, 0.2, 0.2, 0.2, 0.2, 0.2, 0.2, 0.2, 0.2, 0.2, 0.2, 0.2, 0.2, 0.2, 0.2, 0.2, 0.2, 0.2, 0.2, 0.2, 0.2, 0.2, 0.2, 0.2, 0.2, 0.2}	Convergence: 0.00238105
440	Pr: {3310.69, 3149.39, 2981.27, 2819.82, 2665.15, 2517.02, 2375.59, 2240.52, 2112.01, 1989.61, 1873.59, 1763.4, 1659.33, 1560.78, 1468.06, 1380.51, 1298.46, 1221.2, 1149.09, 1081.39, 1018.45, 959.531, 904.979, 854.057, 807.103, 763.396, 723.258, 685.994, 651.909, 620.346, 591.582, 565.005, 540.867, 518.604, 498.439, 479.862, 463.062, 447.585, 433.587, 420.671, 408.957, 398.104, 388.196, 378.946, 370.402, 362.327, 354.733, 347.432, 340.394, 333.481}	Sw: {0.223436, 0.203571, 0.2, 0.2, 0.2, 0.2, 0.2, 0.2, 0.2, 0.2, 0.2, 0.2, 0.2, 0.2, 0.2, 0.2, 0.2, 0.2, 0.2, 0.2, 0.2, 0.2, 0.2, 0.2, 0.2, 0.2, 0.2, 0.2, 0.2, 0.2, 0.2, 0.2, 0.2, 0.2, 0.2, 0.2, 0.2, 0.2, 0.2, 0.2, 0.2, 0.2, 0.2, 0.2, 0.2, 0.2, 0.2, 0.2, 0.2, 0.2}	Convergence: 0.00233358
450	Pr: {3344.33, 3183.01, 3014.77, 2853.14, 2698.21, 2549.75, 2407.92, 2272.38, 2143.34, 2020.36, 1903.68, 1792.8, 1687.98, 1588.63, 1495.08, 1406.66, 1323.7, 1245.53, 1172.47, 1103.81, 1039.9, 980.01, 924.478, 872.585, 824.661, 779.998, 738.913, 700.724, 665.728, 633.278, 603.648, 576.233, 551.28, 528.232, 507.308, 487.999, 470.495, 454.342, 439.694, 426.153, 413.839, 402.407, 391.942, 382.153, 373.087, 364.505, 356.415, 348.627, 341.11, 333.722}	Sw: {0.223435, 0.203571, 0.2, 0.2, 0.2, 0.2, 0.2, 0.2, 0.2, 0.2, 0.2, 0.2, 0.2, 0.2, 0.2, 0.2, 0.2, 0.2, 0.2, 0.2, 0.2, 0.2, 0.2, 0.2, 0.2, 0.2, 0.2, 0.2, 0.2, 0.2, 0.2, 0.2, 0.2, 0.2, 0.2, 0.2, 0.2, 0.2, 0.2, 0.2, 0.2, 0.2, 0.2, 0.2, 0.2, 0.2, 0.2, 0.2, 0.2, 0.2}	Convergence: 0.00228928
460	Pr: {3377.61, 3216.25, 3047.91, 2886.1, 2730.92, 2582.14, 2439.92, 2303.94, 2174.38, 2050.83, 1933.52, 1821.95, 1716.4, 1616.29, 1521.92, 1432.66, 1348.83, 1269.75, 1195.77, 1126.18, 1061.32, 1000.48, 943.987, 891.142, 842.265, 796.663, 754.646, 715.544, 679.649, 646.323, 615.835, 587.588, 561.825, 537.994, 516.311, 496.271, 478.061, 461.228, 445.925, 431.753, 418.83, 406.812, 395.78, 385.442, 375.843, 366.741, 358.143, 349.856, 341.847, 333.97}	Sw: {0.223434, 0.203572, 0.2, 0.2, 0.2, 0.2, 0.2, 0.2, 0.2, 0.2, 0.2, 0.2, 0.2, 0.2, 0.2, 0.2, 0.2, 0.2, 0.2, 0.2, 0.2, 0.2, 0.2, 0.2, 0.2, 0.2, 0.2, 0.2, 0.2, 0.2, 0.2, 0.2, 0.2, 0.2, 0.2, 0.2, 0.2, 0.2, 0.2, 0.2, 0.2, 0.2, 0.2, 0.2, 0.2, 0.2, 0.2, 0.2, 0.2, 0.2}	Convergence: 0.00224868
470	Pr: {3410.52, 3249.13, 3080.69, 2918.7, 2763.28, 2614.2, 2471.6, 2335.18, 2205.12, 2081.02, 1963.09, 1850.87, 1744.61, 1643.75, 1548.59, 1458.51, 1373.82, 1293.88, 1218.99, 1148.49, 1082.7, 1020.93, 963.501, 909.722, 859.909, 813.384, 770.45, 730.448, 693.665, 659.471, 628.134, 599.06, 572.492, 547.882, 525.441, 504.67, 485.752, 468.236, 452.273, 437.465, 423.927, 411.314, 399.706, 388.809, 378.666, 369.033, 359.915, 351.117, 342.603, 334.225}	Sw: {0.223433, 0.203573, 0.2, 0.2, 0.2, 0.2, 0.2, 0.2, 0.2, 0.2, 0.2, 0.2, 0.2, 0.2, 0.2, 0.2, 0.2, 0.2, 0.2, 0.2, 0.2, 0.2, 0.2, 0.2, 0.2, 0.2, 0.2, 0.2, 0.2, 0.2, 0.2, 0.2, 0.2, 0.2, 0.2, 0.2, 0.2, 0.2, 0.2, 0.2, 0.2, 0.2, 0.2, 0.2, 0.2, 0.2, 0.2, 0.2, 0.2, 0.2}	Convergence: 0.00220854
480	Pr: {3443.08, 3281.66, 3113.12, 2950.97, 2795.31, 2645.93, 2502.97, 2366.13, 2235.58, 2110.94, 1992.42, 1879.56, 1772.61, 1671.02, 1575.09, 1484.21, 1398.69, 1317.9, 1242.13, 1170.74, 1104.05, 1041.36, 983.013, 928.318, 877.587, 830.154, 786.316, 745.426, 707.766, 672.715, 640.536, 610.643, 583.274, 557.887, 534.69, 513.188, 493.561, 475.359, 458.732, 443.282, 429.122, 415.907, 403.715, 392.25, 381.553, 371.379, 361.729, 352.409, 343.377, 334.485}	Sw: {0.223433, 0.203573, 0.2, 0.2, 0.2, 0.2, 0.2, 0.2, 0.2, 0.2, 0.2, 0.2, 0.2, 0.2, 0.2, 0.2, 0.2, 0.2, 0.2, 0.2, 0.2, 0.2, 0.2, 0.2, 0.2, 0.2, 0.2, 0.2, 0.2, 0.2, 0.2, 0.2, 0.2, 0.2, 0.2, 0.2, 0.2, 0.2, 0.2, 0.2, 0.2, 0.2, 0.2, 0.2, 0.2, 0.2, 0.2, 0.2, 0.2, 0.2}	Convergence: 0.00216894
490	Pr: {3475.3, 3313.85, 3145.21, 2982.9, 2827.02, 2677.35, 2534.04, 2396.78, 2265.76, 2140.6, 2021.5, 1908.02, 1800.4, 1698.11, 1601.42, 1509.77, 1423.44, 1341.81, 1265.19, 1192.93, 1125.35, 1061.77, 1002.52, 946.924, 895.291, 846.965, 802.238, 760.473, 721.946, 686.048, 653.034, 622.328, 594.163, 568.002, 544.052, 521.819, 501.481, 482.591, 465.296, 449.199, 434.412, 420.588, 407.803, 395.76, 384.5, 373.775, 363.583, 353.729, 344.169, 334.752}	Sw: {0.223432, 0.203574, 0.2, 0.2, 0.2, 0.2, 0.2, 0.2, 0.2, 0.2, 0.2, 0.2, 0.2, 0.2, 0.2, 0.2, 0.2, 0.2, 0.2, 0.2, 0.2, 0.2, 0.2, 0.2, 0.2, 0.2, 0.2, 0.2, 0.2, 0.2, 0.2, 0.2, 0.2, 0.2, 0.2, 0.2, 0.2, 0.2, 0.2, 0.2, 0.2, 0.2, 0.2, 0.2, 0.2, 0.2, 0.2, 0.2, 0.2, 0.2}	Convergence: 0.00212991
500	Pr: {3507.19, 3345.72, 3176.98, 3014.52, 2858.41, 2708.46, 2564.8, 2427.15, 2295.67, 2170, 2050.35, 1936.26, 1827.98, 1725.01, 1627.59, 1535.18, 1448.06, 1365.62, 1288.16, 1215.05, 1146.6, 1082.15, 1022.01, 965.536, 913.016, 863.812, 818.208, 775.58, 736.198, 699.46, 665.62, 634.107, 605.151, 578.22, 553.518, 530.555, 509.505, 489.926, 471.96, 455.212, 439.791, 425.351, 411.965, 399.338, 387.505, 376.218, 365.475, 355.076, 344.977, 335.024}	Sw: {0.223432, 0.203575, 0.2, 0.2, 0.2, 0.2, 0.2, 0.2, 0.2, 0.2, 0.2, 0.2, 0.2, 0.2, 0.2, 0.2, 0.2, 0.2, 0.2, 0.2, 0.2, 0.2, 0.2, 0.2, 0.2, 0.2, 0.2, 0.2, 0.2, 0.2, 0.2, 0.2, 0.2, 0.2, 0.2, 0.2, 0.2, 0.2, 0.2, 0.2, 0.2, 0.2, 0.2, 0.2, 0.2, 0.2, 0.2, 0.2, 0.2, 0.2}	Convergence: 0.00209151
510	Pr: {3538.76, 3377.26, 3208.44, 3045.82, 2889.5, 2739.28, 2595.29, 2457.25, 2325.32, 2199.16, 2078.96, 1964.28, 1855.37, 1751.72, 1653.6, 1560.45, 1472.55, 1389.32, 1311.04, 1237.11, 1167.8, 1102.5, 1041.49, 984.148, 930.757, 880.688, 834.221, 790.741, 750.513, 712.946, 678.287, 645.974, 616.231, 588.534, 563.082, 539.389, 517.628, 497.357, 478.716, 461.313, 445.253, 430.192, 416.199, 402.979, 390.565, 378.708, 367.403, 356.449, 345.801, 335.302}	Sw: {0.223431, 0.203575, 0.2, 0.2, 0.2, 0.2, 0.2, 0.2, 0.2, 0.2, 0.2, 0.2, 0.2, 0.2, 0.2, 0.2, 0.2, 0.2, 0.2, 0.2, 0.2, 0.2, 0.2, 0.2, 0.2, 0.2, 0.2, 0.2, 0.2, 0.2, 0.2, 0.2, 0.2, 0.2, 0.2, 0.2, 0.2, 0.2, 0.2, 0.2, 0.2, 0.2, 0.2, 0.2, 0.2, 0.2, 0.2, 0.2, 0.2, 0.2}	Convergence: 0.00205375
520	Pr: {3570.02, 3408.5, 3239.59, 3076.82, 2920.29, 2769.8, 2625.49, 2487.07, 2354.72, 2228.08, 2107.34, 1992.09, 1882.56, 1778.26, 1679.44, 1585.57, 1496.92, 1412.92, 1333.84, 1259.09, 1188.95, 1122.81, 1060.95, 1002.76, 948.508, 897.588, 850.27, 805.95, 764.887, 726.499, 691.029, 657.921, 627.397, 598.937, 572.737, 548.316, 525.842, 504.878, 485.561, 467.499, 450.795, 435.106, 420.5, 406.679, 393.676, 381.241, 369.365, 357.848, 346.64, 335.584}	Sw: {0.22343, 0.203576, 0.2, 0.2, 0.2, 0.2, 0.2, 0.2, 0.2, 0.2, 0.2, 0.2, 0.2, 0.2, 0.2, 0.2, 0.2, 0.2, 0.2, 0.2, 0.2, 0.2, 0.2, 0.2, 0.2, 0.2, 0.2, 0.2, 0.2, 0.2, 0.2, 0.2, 0.2, 0.2, 0.2, 0.2, 0.2, 0.2, 0.2, 0.2, 0.2, 0.2, 0.2, 0.2, 0.2, 0.2, 0.2, 0.2, 0.2, 0.2}	Convergence: 0.00201736
530	Pr: {3600.98, 3439.43, 3270.44, 3107.53, 2950.79, 2800.05, 2655.42, 2516.64, 2383.86, 2256.75, 2135.5, 2019.7, 1909.56, 1804.62, 1705.13, 1610.56, 1521.17, 1436.41, 1356.54, 1281, 1210.04, 1143.08, 1080.39, 1021.36, 966.265, 914.507, 866.35, 821.201, 779.313, 740.113, 703.838, 669.942, 638.642, 609.423, 582.477, 557.329, 534.142, 512.484, 492.488, 473.763, 456.412, 440.09, 424.864, 410.436, 396.836, 383.814, 371.359, 359.269, 347.493, 335.872}	Sw: {0.22343, 0.203576, 0.2, 0.2, 0.2, 0.2, 0.2, 0.2, 0.2, 0.2, 0.2, 0.2, 0.2, 0.2, 0.2, 0.2, 0.2, 0.2, 0.2, 0.2, 0.2, 0.2, 0.2, 0.2, 0.2, 0.2, 0.2, 0.2, 0.2, 0.2, 0.2, 0.2, 0.2, 0.2, 0.2, 0.2, 0.2, 0.2, 0.2, 0.2, 0.2, 0.2, 0.2, 0.2, 0.2, 0.2, 0.2, 0.2, 0.2, 0.2}	Convergence: 0.00198415
540	Pr: {3631.65, 3470.08, 3300.99, 3137.95, 2981.02, 2830.02, 2685.08, 2545.95, 2412.76, 2285.2, 2163.44, 2047.09, 1936.37, 1830.81, 1730.66, 1635.4, 1545.29, 1459.79, 1379.16, 1302.83, 1231.08, 1163.31, 1099.79, 1039.94, 984.022, 931.439, 882.456, 836.487, 793.784, 753.78, 716.709, 682.032, 649.959, 619.985, 592.296, 566.422, 542.523, 520.169, 499.492, 480.102, 462.099, 445.14, 429.288, 414.246, 400.043, 386.426, 373.384, 360.712, 348.359, 336.164}	Sw: {0.223429, 0.203577, 0.2, 0.2, 0.2, 0.2, 0.2, 0.2, 0.2, 0.2, 0.2, 0.2, 0.2, 0.2, 0.2, 0.2, 0.2, 0.2, 0.2, 0.2, 0.2, 0.2, 0.2, 0.2, 0.2, 0.2, 0.2, 0.2, 0.2, 0.2, 0.2, 0.2, 0.2, 0.2, 0.2, 0.2, 0.2, 0.2, 0.2, 0.2, 0.2, 0.2, 0.2, 0.2, 0.2, 0.2, 0.2, 0.2, 0.2, 0.2}	Convergence: 0.00195132
550	Pr: {3662.03, 3500.43, 3331.27, 3168.09, 3010.97, 2859.73, 2714.49, 2575.01, 2441.42, 2313.41, 2191.17, 2074.29, 1962.99, 1856.83, 1756.03, 1660.1, 1569.29, 1483.06, 1401.68, 1324.59, 1252.05, 1183.49, 1119.17, 1058.51, 1001.78, 948.38, 898.581, 851.805, 808.296, 767.497, 729.636, 694.183, 661.343, 630.617, 602.188, 575.589, 550.979, 527.929, 506.568, 486.51, 467.852, 450.25, 433.767, 418.107, 403.293, 389.074, 375.437, 362.177, 349.238, 336.46}	Sw: {0.223429, 0.203578, 0.2, 0.2, 0.2, 0.2, 0.2, 0.2, 0.2, 0.2, 0.2, 0.2, 0.2, 0.2, 0.2, 0.2, 0.2, 0.2, 0.2, 0.2, 0.2, 0.2, 0.2, 0.2, 0.2, 0.2, 0.2, 0.2, 0.2, 0.2, 0.2, 0.2, 0.2, 0.2, 0.2, 0.2, 0.2, 0.2, 0.2, 0.2, 0.2, 0.2, 0.2, 0.2, 0.2, 0.2, 0.2, 0.2, 0.2, 0.2}	Convergence: 0.00191891
560	Pr: {3692.14, 3530.52, 3361.27, 3197.96, 3040.65, 2889.17, 2743.65, 2603.82, 2469.85, 2341.41, 2218.68, 2101.29, 1989.43, 1882.68, 1781.24, 1684.66, 1593.16, 1506.23, 1424.11, 1346.27, 1272.96, 1203.62, 1138.51, 1077.06, 1019.52, 965.326, 914.723, 867.148, 822.842, 781.256, 742.613, 706.39, 672.789, 641.314, 612.147, 584.826, 559.504, 535.758, 513.712, 492.984, 473.666, 455.418, 438.3, 422.014, 406.583, 391.756, 377.518, 363.66, 350.129, 336.76}	Sw: {0.223428, 0.203578, 0.2, 0.2, 0.2, 0.2, 0.2, 0.2, 0.2, 0.2, 0.2, 0.2, 0.2, 0.2, 0.2, 0.2, 0.2, 0.2, 0.2, 0.2, 0.2, 0.2, 0.2, 0.2, 0.2, 0.2, 0.2, 0.2, 0.2, 0.2, 0.2, 0.2, 0.2, 0.2, 0.2, 0.2, 0.2, 0.2, 0.2, 0.2, 0.2, 0.2, 0.2, 0.2, 0.2, 0.2, 0.2, 0.2, 0.2, 0.2}	Convergence: 0.00188694
570	Pr: {3721.97, 3560.33, 3391.01, 3227.57, 3070.07, 2918.37, 2772.56, 2632.4, 2498.05, 2369.19, 2245.99, 2128.1, 2015.69, 1908.36, 1806.31, 1709.08, 1616.91, 1529.28, 1446.45, 1367.87, 1293.81, 1223.71, 1157.82, 1095.59, 1037.26, 982.272, 930.875, 882.512, 837.418, 795.053, 755.635, 718.648, 684.289, 652.071, 622.169, 594.126, 568.093, 543.65, 520.919, 499.518, 479.538, 460.64, 442.881, 425.965, 409.912, 394.471, 379.623, 365.163, 351.031, 337.064}	Sw: {0.223428, 0.203579, 0.2, 0.2, 0.2, 0.2, 0.2, 0.2, 0.2, 0.2, 0.2, 0.2, 0.2, 0.2, 0.2, 0.2, 0.2, 0.2, 0.2, 0.2, 0.2, 0.2, 0.2, 0.2, 0.2, 0.2, 0.2, 0.2, 0.2, 0.2, 0.2, 0.2, 0.2, 0.2, 0.2, 0.2, 0.2, 0.2, 0.2, 0.2, 0.2, 0.2, 0.2, 0.2, 0.2, 0.2, 0.2, 0.2, 0.2, 0.2}	Convergence: 0.00185545
580	Pr: {3751.54, 3589.88, 3420.48, 3256.92, 3099.25, 2947.31, 2801.22, 2660.75, 2526.03, 2396.76, 2273.1, 2154.71, 2041.77, 1933.87, 1831.22, 1733.37, 1640.54, 1552.23, 1468.69, 1389.4, 1314.59, 1243.74, 1177.09, 1114.08, 1054.98, 999.214, 947.034, 897.893, 852.02, 808.883, 768.697, 730.951, 695.84, 662.882, 632.247, 603.485, 576.742, 551.602, 528.184, 506.108, 485.464, 465.913, 447.509, 429.957, 413.277, 397.215, 381.753, 366.682, 351.943, 337.372}	Sw: {0.223427, 0.203579, 0.2, 0.2, 0.2, 0.2, 0.2, 0.2, 0.2, 0.2, 0.2, 0.2, 0.2, 0.2, 0.2, 0.2, 0.2, 0.2, 0.2, 0.2, 0.2, 0.2, 0.2, 0.2, 0.2, 0.2, 0.2, 0.2, 0.2, 0.2, 0.2, 0.2, 0.2, 0.2, 0.2, 0.2, 0.2, 0.2, 0.2, 0.2, 0.2, 0.2, 0.2, 0.2, 0.2, 0.2, 0.2, 0.2, 0.2, 0.2}	Convergence: 0.00182444
590	Pr: {3780.86, 3619.17, 3449.7, 3286.01, 3128.17, 2976.02, 2829.66, 2688.87, 2553.78, 2424.11, 2300.02, 2181.14, 2067.68, 1959.23, 1855.99, 1757.52, 1664.04, 1575.07, 1490.84, 1410.84, 1335.31, 1263.72, 1196.31, 1132.55, 1072.68, 1016.15, 963.195, 913.285, 866.641, 822.741, 781.793, 743.295, 707.437, 673.741, 642.378, 612.898, 585.446, 559.61, 535.503, 512.751, 491.439, 471.232, 452.179, 433.988, 416.675, 399.987, 383.904, 368.217, 352.865, 337.683}	Sw: {0.223427, 0.20358, 0.2, 0.2, 0.2, 0.2, 0.2, 0.2, 0.2, 0.2, 0.2, 0.2, 0.2, 0.2, 0.2, 0.2, 0.2, 0.2, 0.2, 0.2, 0.2, 0.2, 0.2, 0.2, 0.2, 0.2, 0.2, 0.2, 0.2, 0.2, 0.2, 0.2, 0.2, 0.2, 0.2, 0.2, 0.2, 0.2, 0.2, 0.2, 0.2, 0.2, 0.2, 0.2, 0.2, 0.2, 0.2, 0.2, 0.2, 0.2}	Convergence: 0.00179394
600	Pr: {3809.92, 3648.21, 3478.67, 3314.87, 3156.85, 3004.49, 2857.86, 2716.77, 2581.33, 2451.27, 2326.73, 2207.39, 2093.42, 1984.42, 1880.61, 1781.54, 1687.42, 1597.8, 1512.89, 1432.19, 1355.95, 1283.64, 1215.49, 1150.99, 1090.36, 1033.07, 979.356, 928.685, 881.279, 836.622, 794.919, 755.674, 719.074, 684.646, 652.555, 622.361, 594.201, 567.667, 542.872, 519.443, 497.461, 476.594, 456.89, 438.055, 420.104, 402.786, 386.077, 369.768, 353.797, 337.997}	Sw: {0.223426, 0.20358, 0.2, 0.2, 0.2, 0.2, 0.2, 0.2, 0.2, 0.2, 0.2, 0.2, 0.2, 0.2, 0.2, 0.2, 0.2, 0.2, 0.2, 0.2, 0.2, 0.2, 0.2, 0.2, 0.2, 0.2, 0.2, 0.2, 0.2, 0.2, 0.2, 0.2, 0.2, 0.2, 0.2, 0.2, 0.2, 0.2, 0.2, 0.2, 0.2, 0.2, 0.2, 0.2, 0.2, 0.2, 0.2, 0.2, 0.2, 0.2}	Convergence: 0.00176396
610	Pr: {3838.74, 3677.01, 3507.4, 3343.48, 3185.3, 3032.72, 2885.84, 2744.45, 2608.67, 2478.22, 2353.26, 2233.46, 2118.98, 2009.46, 1905.08, 1805.42, 1710.69, 1620.42, 1534.85, 1453.47, 1376.52, 1303.5, 1234.63, 1169.39, 1108.01, 1049.98, 995.511, 944.089, 895.929, 850.523, 808.072, 768.086, 730.747, 695.59, 662.776, 631.868, 603.001, 575.772, 550.287, 526.18, 503.526, 481.997, 461.637, 442.156, 423.563, 405.609, 388.269, 371.333, 354.737, 338.314}	Sw: {0.223426, 0.203581, 0.2, 0.2, 0.2, 0.2, 0.2, 0.2, 0.2, 0.2, 0.2, 0.2, 0.2, 0.2, 0.2, 0.2, 0.2, 0.2, 0.2, 0.2, 0.2, 0.2, 0.2, 0.2, 0.2, 0.2, 0.2, 0.2, 0.2, 0.2, 0.2, 0.2, 0.2, 0.2, 0.2, 0.2, 0.2, 0.2, 0.2, 0.2, 0.2, 0.2, 0.2, 0.2, 0.2, 0.2, 0.2, 0.2, 0.2, 0.2}	Convergence: 0.0017345
620	Pr: {3867.32, 3705.57, 3535.9, 3371.86, 3213.52, 3060.74, 2913.61, 2771.92, 2635.8, 2504.98, 2379.6, 2259.35, 2144.38, 2034.34, 1929.41, 1829.17, 1733.83, 1642.94, 1556.71, 1474.66, 1397.03, 1323.3, 1253.71, 1187.75, 1125.64, 1066.87, 1011.66, 959.494, 910.587, 864.439, 821.245, 780.524, 742.452, 706.57, 673.035, 641.416, 611.844, 583.918, 557.745, 532.958, 509.631, 487.438, 466.419, 446.287, 427.048, 408.455, 390.478, 372.91, 355.684, 338.634}	Sw: {0.223425, 0.203581, 0.2, 0.2, 0.2, 0.2, 0.2, 0.2, 0.2, 0.2, 0.2, 0.2, 0.2, 0.2, 0.2, 0.2, 0.2, 0.2, 0.2, 0.2, 0.2, 0.2, 0.2, 0.2, 0.2, 0.2, 0.2, 0.2, 0.2, 0.2, 0.2, 0.2, 0.2, 0.2, 0.2, 0.2, 0.2, 0.2, 0.2, 0.2, 0.2, 0.2, 0.2, 0.2, 0.2, 0.2, 0.2, 0.2, 0.2, 0.2}	Convergence: 0.00170573
630	Pr: {3895.67, 3733.9, 3564.16, 3400.01, 3241.51, 3088.53, 2941.15, 2799.18, 2662.73, 2531.54, 2405.76, 2285.06, 2169.62, 2059.07, 1953.6, 1852.79, 1756.85, 1665.34, 1578.47, 1495.77, 1417.45, 1343.04, 1272.75, 1206.07, 1143.24, 1083.74, 1027.79, 974.895, 925.25, 878.367, 834.437, 792.985, 754.184, 717.581, 683.329, 651.001, 620.724, 592.104, 565.241, 539.773, 515.772, 492.912, 471.233, 450.447, 430.559, 411.322, 392.705, 374.5, 356.64, 338.956}	Sw: {0.223425, 0.203581, 0.2, 0.2, 0.2, 0.2, 0.2, 0.2, 0.2, 0.2, 0.2, 0.2, 0.2, 0.2, 0.2, 0.2, 0.2, 0.2, 0.2, 0.2, 0.2, 0.2, 0.2, 0.2, 0.2, 0.2, 0.2, 0.2, 0.2, 0.2, 0.2, 0.2, 0.2, 0.2, 0.2, 0.2, 0.2, 0.2, 0.2, 0.2, 0.2, 0.2, 0.2, 0.2, 0.2, 0.2, 0.2, 0.2, 0.2, 0.2}	Convergence: 0.001679
640	Pr: {3923.79, 3762, 3592.19, 3427.94, 3269.28, 3116.11, 2968.49, 2826.24, 2689.46, 2557.91, 2431.73, 2310.6, 2194.7, 2083.65, 1977.64, 1876.28, 1779.76, 1687.64, 1600.14, 1516.79, 1437.81, 1362.72, 1291.73, 1224.35, 1160.8, 1100.59, 1043.91, 990.289, 939.913, 892.302, 847.642, 805.465, 765.94, 728.62, 693.653, 660.618, 629.64, 600.325, 572.773, 546.624, 521.947, 498.419, 476.076, 454.633, 434.093, 414.208, 394.947, 376.101, 357.602, 339.28}	Sw: {0.223424, 0.203582, 0.2, 0.2, 0.2, 0.2, 0.2, 0.2, 0.2, 0.2, 0.2, 0.2, 0.2, 0.2, 0.2, 0.2, 0.2, 0.2, 0.2, 0.2, 0.2, 0.2, 0.2, 0.2, 0.2, 0.2, 0.2, 0.2, 0.2, 0.2, 0.2, 0.2, 0.2, 0.2, 0.2, 0.2, 0.2, 0.2, 0.2, 0.2, 0.2, 0.2, 0.2, 0.2, 0.2, 0.2, 0.2, 0.2, 0.2, 0.2}	Convergence: 0.00165264
650	Pr: {3951.69, 3789.88, 3620.01, 3455.64, 3296.84, 3143.47, 2995.62, 2853.09, 2716, 2584.1, 2457.53, 2335.98, 2219.61, 2108.07, 2001.55, 1899.64, 1802.54, 1709.83, 1621.71, 1537.73, 1458.09, 1382.33, 1310.65, 1242.58, 1178.33, 1117.41, 1060.02, 1005.67, 954.573, 906.241, 860.857, 817.961, 777.716, 739.683, 704.005, 670.265, 638.585, 608.577, 580.336, 553.506, 528.152, 503.954, 480.946, 458.844, 437.648, 417.113, 397.203, 377.713, 358.57, 339.607}	Sw: {0.223424, 0.203582, 0.2, 0.2, 0.2, 0.2, 0.2, 0.2, 0.2, 0.2, 0.2, 0.2, 0.2, 0.2, 0.2, 0.2, 0.2, 0.2, 0.2, 0.2, 0.2, 0.2, 0.2, 0.2, 0.2, 0.2, 0.2, 0.2, 0.2, 0.2, 0.2, 0.2, 0.2, 0.2, 0.2, 0.2, 0.2, 0.2, 0.2, 0.2, 0.2, 0.2, 0.2, 0.2, 0.2, 0.2, 0.2, 0.2, 0.2, 0.2}	Convergence: 0.00162668
660	Pr: {3979.37, 3817.54, 3647.61, 3483.14, 3324.19, 3170.63, 3022.55, 2879.75, 2742.36, 2610.11, 2483.15, 2361.19, 2244.37, 2132.35, 2025.32, 1922.87, 1825.21, 1731.92, 1643.18, 1558.58, 1478.29, 1401.87, 1329.52, 1260.77, 1195.82, 1134.2, 1076.1, 1021.04, 969.228, 920.181, 874.079, 830.468, 789.509, 750.765, 714.379, 679.937, 647.558, 616.858, 587.929, 560.417, 534.385, 509.516, 485.841, 463.076, 441.222, 420.033, 399.473, 379.334, 359.544, 339.936}	Sw: {0.223423, 0.203583, 0.2, 0.2, 0.2, 0.2, 0.2, 0.2, 0.2, 0.2, 0.2, 0.2, 0.2, 0.2, 0.2, 0.2, 0.2, 0.2, 0.2, 0.2, 0.2, 0.2, 0.2, 0.2, 0.2, 0.2, 0.2, 0.2, 0.2, 0.2, 0.2, 0.2, 0.2, 0.2, 0.2, 0.2, 0.2, 0.2, 0.2, 0.2, 0.2, 0.2, 0.2, 0.2, 0.2, 0.2, 0.2, 0.2, 0.2, 0.2}	Convergence: 0.00160112
670	Pr: {4006.83, 3844.99, 3675, 3510.42, 3351.33, 3197.59, 3049.28, 2906.22, 2768.52, 2635.94, 2508.61, 2386.23, 2268.97, 2156.49, 2048.95, 1945.98, 1847.76, 1753.89, 1664.56, 1579.34, 1498.42, 1421.35, 1348.34, 1278.91, 1213.28, 1150.96, 1092.16, 1036.4, 983.875, 934.118, 887.304, 842.984, 801.314, 761.865, 724.773, 689.632, 656.556, 625.164, 595.547, 567.353, 540.643, 515.102, 490.757, 467.33, 444.815, 422.969, 401.754, 380.964, 360.524, 340.266}	Sw: {0.223423, 0.203583, 0.2, 0.2, 0.2, 0.2, 0.2, 0.2, 0.2, 0.2, 0.2, 0.2, 0.2, 0.2, 0.2, 0.2, 0.2, 0.2, 0.2, 0.2, 0.2, 0.2, 0.2, 0.2, 0.2, 0.2, 0.2, 0.2, 0.2, 0.2, 0.2, 0.2, 0.2, 0.2, 0.2, 0.2, 0.2, 0.2, 0.2, 0.2, 0.2, 0.2, 0.2, 0.2, 0.2, 0.2, 0.2, 0.2, 0.2, 0.2}	Convergence: 0.00157597
680	Pr: {4034.09, 3872.23, 3702.18, 3537.5, 3378.27, 3224.35, 3075.82, 2932.5, 2794.5, 2661.59, 2533.89, 2411.12, 2293.42, 2180.48, 2072.44, 1968.96, 1870.2, 1775.76, 1685.84, 1600.01, 1518.46, 1440.76, 1367.09, 1297, 1230.69, 1167.69, 1108.19, 1051.74, 998.51, 948.051, 900.529, 855.505, 813.129, 772.977, 735.184, 699.346, 665.574, 633.493, 603.187, 574.312, 546.924, 520.709, 495.694, 471.601, 448.423, 425.918, 404.046, 382.601, 361.508, 340.598}	Sw: {0.223423, 0.203584, 0.2, 0.2, 0.2, 0.2, 0.2, 0.2, 0.2, 0.2, 0.2, 0.2, 0.2, 0.2, 0.2, 0.2, 0.2, 0.2, 0.2, 0.2, 0.2, 0.2, 0.2, 0.2, 0.2, 0.2, 0.2, 0.2, 0.2, 0.2, 0.2, 0.2, 0.2, 0.2, 0.2, 0.2, 0.2, 0.2, 0.2, 0.2, 0.2, 0.2, 0.2, 0.2, 0.2, 0.2, 0.2, 0.2, 0.2, 0.2}	Convergence: 0.00155123
690	Pr: {4061.14, 3899.26, 3729.15, 3564.38, 3405.01, 3250.91, 3102.16, 2958.6, 2820.31, 2687.07, 2559.01, 2435.84, 2317.72, 2204.32, 2095.81, 1991.81, 1892.52, 1797.53, 1707.02, 1620.6, 1538.43, 1460.1, 1385.78, 1315.04, 1248.05, 1184.38, 1124.2, 1067.05, 1013.13, 961.974, 913.752, 868.028, 824.95, 784.1, 745.608, 709.075, 674.61, 641.84, 610.848, 581.292, 553.224, 526.335, 500.649, 475.889, 452.046, 428.88, 406.349, 384.246, 362.497, 340.932}	Sw: {0.223422, 0.203584, 0.2, 0.2, 0.2, 0.2, 0.2, 0.2, 0.2, 0.2, 0.2, 0.2, 0.2, 0.2, 0.2, 0.2, 0.2, 0.2, 0.2, 0.2, 0.2, 0.2, 0.2, 0.2, 0.2, 0.2, 0.2, 0.2, 0.2, 0.2, 0.2, 0.2, 0.2, 0.2, 0.2, 0.2, 0.2, 0.2, 0.2, 0.2, 0.2, 0.2, 0.2, 0.2, 0.2, 0.2, 0.2, 0.2, 0.2, 0.2}	Convergence: 0.00152692
700	Pr: {4088, 3926.1, 3755.93, 3591.06, 3431.55, 3277.28, 3128.32, 2984.51, 2845.93, 2712.38, 2583.96, 2460.41, 2341.87, 2228.03, 2119.04, 2014.54, 1914.72, 1819.18, 1728.11, 1641.1, 1558.32, 1479.37, 1404.41, 1333.02, 1265.37, 1201.03, 1140.17, 1082.35, 1027.73, 975.887, 926.969, 880.551, 836.775, 795.231, 756.042, 718.818, 683.661, 650.204, 618.527, 588.289, 559.542, 531.979, 505.62, 480.192, 455.683, 431.853, 408.66, 385.898, 363.49, 341.267}	Sw: {0.223422, 0.203584, 0.2, 0.2, 0.2, 0.2, 0.2, 0.2, 0.2, 0.2, 0.2, 0.2, 0.2, 0.2, 0.2, 0.2, 0.2, 0.2, 0.2, 0.2, 0.2, 0.2, 0.2, 0.2, 0.2, 0.2, 0.2, 0.2, 0.2, 0.2, 0.2, 0.2, 0.2, 0.2, 0.2, 0.2, 0.2, 0.2, 0.2, 0.2, 0.2, 0.2, 0.2, 0.2, 0.2, 0.2, 0.2, 0.2, 0.2, 0.2}	Convergence: 0.00150303
710	Pr: {4114.65, 3952.74, 3782.51, 3617.55, 3457.91, 3303.47, 3154.3, 3010.24, 2871.39, 2737.52, 2608.75, 2484.83, 2365.88, 2251.6, 2142.13, 2037.15, 1936.81, 1840.73, 1749.1, 1661.51, 1578.13, 1498.57, 1422.98, 1350.95, 1282.65, 1217.65, 1156.11, 1097.62, 1042.32, 989.787, 940.178, 893.07, 848.601, 806.366, 766.485, 728.571, 692.724, 658.582, 626.22, 595.302, 565.876, 537.638, 510.606, 484.508, 459.331, 434.836, 410.979, 387.555, 364.486, 341.603}	Sw: {0.223421, 0.203585, 0.2, 0.2, 0.2, 0.2, 0.2, 0.2, 0.2, 0.2, 0.2, 0.2, 0.2, 0.2, 0.2, 0.2, 0.2, 0.2, 0.2, 0.2, 0.2, 0.2, 0.2, 0.2, 0.2, 0.2, 0.2, 0.2, 0.2, 0.2, 0.2, 0.2, 0.2, 0.2, 0.2, 0.2, 0.2, 0.2, 0.2, 0.2, 0.2, 0.2, 0.2, 0.2, 0.2, 0.2, 0.2, 0.2, 0.2, 0.2}	Convergence: 0.00147956
720	Pr: {4141.11, 3979.18, 3808.9, 3643.85, 3484.08, 3329.47, 3180.1, 3035.8, 2896.67, 2762.49, 2633.39, 2509.09, 2389.74, 2275.02, 2165.1, 2059.64, 1958.78, 1862.18, 1769.99, 1681.83, 1597.86, 1517.69, 1441.48, 1368.82, 1299.87, 1234.22, 1172.02, 1112.86, 1056.88, 1003.67, 953.377, 905.583, 860.425, 817.503, 776.932, 738.331, 701.797, 666.971, 633.925, 602.328, 572.223, 543.31, 515.604, 488.835, 462.989, 437.828, 413.305, 389.218, 365.486, 341.94}	Sw: {0.223421, 0.203585, 0.2, 0.2, 0.2, 0.2, 0.2, 0.2, 0.2, 0.2, 0.2, 0.2, 0.2, 0.2, 0.2, 0.2, 0.2, 0.2, 0.2, 0.2, 0.2, 0.2, 0.2, 0.2, 0.2, 0.2, 0.2, 0.2, 0.2, 0.2, 0.2, 0.2, 0.2, 0.2, 0.2, 0.2, 0.2, 0.2, 0.2, 0.2, 0.2, 0.2, 0.2, 0.2, 0.2, 0.2, 0.2, 0.2, 0.2, 0.2}	Convergence: 0.00145651
730	Pr: {4167.39, 4005.44, 3835.11, 3669.96, 3510.06, 3355.29, 3205.72, 3061.18, 2921.78, 2787.31, 2657.86, 2533.2, 2413.45, 2298.32, 2187.94, 2082, 1980.65, 1883.52, 1790.79, 1702.06, 1617.51, 1536.74, 1459.92, 1386.63, 1317.05, 1250.75, 1187.89, 1128.07, 1071.42, 1017.54, 966.562, 918.088, 872.245, 828.639, 787.381, 748.097, 710.878, 675.37, 641.641, 609.364, 578.581, 548.993, 520.613, 493.173, 466.657, 440.828, 415.638, 390.885, 366.488, 342.278}	Sw: {0.223421, 0.203585, 0.2, 0.2, 0.2, 0.2, 0.2, 0.2, 0.2, 0.2, 0.2, 0.2, 0.2, 0.2, 0.2, 0.2, 0.2, 0.2, 0.2, 0.2, 0.2, 0.2, 0.2, 0.2, 0.2, 0.2, 0.2, 0.2, 0.2, 0.2, 0.2, 0.2, 0.2, 0.2, 0.2, 0.2, 0.2, 0.2, 0.2, 0.2, 0.2, 0.2, 0.2, 0.2, 0.2, 0.2, 0.2, 0.2, 0.2, 0.2}	Convergence: 0.00143388
740	Pr: {4193.47, 4031.51, 3861.12, 3695.89, 3535.86, 3380.93, 3231.16, 3086.4, 2946.73, 2811.96, 2682.19, 2557.17, 2437.03, 2321.48, 2210.66, 2104.25, 2002.4, 1904.76, 1811.48, 1722.2, 1637.08, 1555.72, 1478.3, 1404.39, 1334.18, 1267.23, 1203.73, 1143.24, 1085.93, 1031.38, 979.731, 930.581, 884.058, 839.771, 797.831, 757.865, 719.963, 683.775, 649.365, 616.41, 584.949, 554.686, 525.631, 497.519, 470.332, 443.834, 417.976, 392.556, 367.493, 342.618}	Sw: {0.22342, 0.203586, 0.2, 0.2, 0.2, 0.2, 0.2, 0.2, 0.2, 0.2, 0.2, 0.2, 0.2, 0.2, 0.2, 0.2, 0.2, 0.2, 0.2, 0.2, 0.2, 0.2, 0.2, 0.2, 0.2, 0.2, 0.2, 0.2, 0.2, 0.2, 0.2, 0.2, 0.2, 0.2, 0.2, 0.2, 0.2, 0.2, 0.2, 0.2, 0.2, 0.2, 0.2, 0.2, 0.2, 0.2, 0.2, 0.2, 0.2, 0.2}	Convergence: 0.00141168
750	Pr: {4219.38, 4057.4, 3886.96, 3721.64, 3561.49, 3406.4, 3256.44, 3111.45, 2971.52, 2836.46, 2706.36, 2580.99, 2460.46, 2344.5, 2233.24, 2126.37, 2024.04, 1925.89, 1832.08, 1742.26, 1656.57, 1574.63, 1496.6, 1422.09, 1351.25, 1283.67, 1219.52, 1158.39, 1100.42, 1045.2, 992.883, 943.062, 895.862, 850.899, 808.279, 767.634, 729.051, 692.184, 657.095, 623.463, 591.324, 560.386, 530.657, 501.873, 474.014, 446.846, 420.319, 394.231, 368.5, 342.957}	Sw: {0.22342, 0.203586, 0.2, 0.2, 0.2, 0.2, 0.2, 0.2, 0.2, 0.2, 0.2, 0.2, 0.2, 0.2, 0.2, 0.2, 0.2, 0.2, 0.2, 0.2, 0.2, 0.2, 0.2, 0.2, 0.2, 0.2, 0.2, 0.2, 0.2, 0.2, 0.2, 0.2, 0.2, 0.2, 0.2, 0.2, 0.2, 0.2, 0.2, 0.2, 0.2, 0.2, 0.2, 0.2, 0.2, 0.2, 0.2, 0.2, 0.2, 0.2}	Convergence: 0.00138989
760	Pr: {4245.1, 4083.11, 3912.62, 3747.22, 3586.94, 3431.7, 3281.54, 3136.33, 2996.15, 2860.8, 2730.38, 2604.66, 2483.76, 2367.39, 2255.71, 2148.38, 2045.56, 1946.91, 1852.59, 1762.22, 1675.97, 1593.46, 1514.84, 1439.72, 1368.26, 1300.06, 1235.28, 1173.5, 1114.87, 1059, 1006.02, 955.527, 907.654, 862.018, 818.721, 777.401, 738.14, 700.596, 664.829, 630.52, 597.705, 566.093, 535.689, 506.233, 477.701, 449.863, 422.665, 395.909, 369.509, 343.298}	Sw: {0.22342, 0.203587, 0.2, 0.2, 0.2, 0.2, 0.2, 0.2, 0.2, 0.2, 0.2, 0.2, 0.2, 0.2, 0.2, 0.2, 0.2, 0.2, 0.2, 0.2, 0.2, 0.2, 0.2, 0.2, 0.2, 0.2, 0.2, 0.2, 0.2, 0.2, 0.2, 0.2, 0.2, 0.2, 0.2, 0.2, 0.2, 0.2, 0.2, 0.2, 0.2, 0.2, 0.2, 0.2, 0.2, 0.2, 0.2, 0.2, 0.2, 0.2}	Convergence: 0.00136851
770	Pr: {4270.65, 4108.64, 3938.1, 3772.62, 3612.22, 3456.82, 3306.48, 3161.05, 3020.62, 2884.98, 2754.25, 2628.19, 2506.92, 2390.16, 2278.04, 2170.27, 2066.98, 1967.84, 1873, 1782.1, 1695.29, 1612.21, 1533.01, 1457.3, 1385.23, 1316.41, 1250.99, 1188.57, 1129.29, 1072.77, 1019.13, 967.974, 919.433, 873.128, 829.158, 787.164, 747.227, 709.008, 672.564, 637.581, 604.09, 571.804, 540.726, 510.597, 481.393, 452.884, 425.015, 397.589, 370.519, 343.639}	Sw: {0.223419, 0.203587, 0.2, 0.2, 0.2, 0.2, 0.2, 0.2, 0.2, 0.2, 0.2, 0.2, 0.2, 0.2, 0.2, 0.2, 0.2, 0.2, 0.2, 0.2, 0.2, 0.2, 0.2, 0.2, 0.2, 0.2, 0.2, 0.2, 0.2, 0.2, 0.2, 0.2, 0.2, 0.2, 0.2, 0.2, 0.2, 0.2, 0.2, 0.2, 0.2, 0.2, 0.2, 0.2, 0.2, 0.2, 0.2, 0.2, 0.2, 0.2}	Convergence: 0.00134754
780	Pr: {4296.03, 4134.01, 3963.42, 3797.84, 3637.33, 3481.78, 3331.26, 3185.62, 3044.93, 2909.02, 2777.98, 2651.58, 2529.94, 2412.79, 2300.26, 2192.04, 2088.29, 1988.66, 1893.31, 1801.88, 1714.53, 1630.89, 1551.11, 1474.81, 1402.13, 1332.7, 1266.65, 1203.6, 1143.68, 1086.51, 1032.21, 980.403, 931.197, 884.226, 839.585, 796.921, 756.31, 717.419, 680.3, 644.643, 610.478, 577.518, 545.766, 514.965, 485.088, 455.908, 427.368, 399.271, 371.53, 343.98}	Sw: {0.223419, 0.203587, 0.2, 0.2, 0.2, 0.2, 0.2, 0.2, 0.2, 0.2, 0.2, 0.2, 0.2, 0.2, 0.2, 0.2, 0.2, 0.2, 0.2, 0.2, 0.2, 0.2, 0.2, 0.2, 0.2, 0.2, 0.2, 0.2, 0.2, 0.2, 0.2, 0.2, 0.2, 0.2, 0.2, 0.2, 0.2, 0.2, 0.2, 0.2, 0.2, 0.2, 0.2, 0.2, 0.2, 0.2, 0.2, 0.2, 0.2, 0.2}	Convergence: 0.00132698
790	Pr: {4321.24, 4159.2, 3988.56, 3822.91, 3662.28, 3506.58, 3355.88, 3210.02, 3069.09, 2932.91, 2801.56, 2674.83, 2552.83, 2435.3, 2322.35, 2213.7, 2109.48, 2009.38, 1913.52, 1821.58, 1733.69, 1649.49, 1569.14, 1492.25, 1418.98, 1348.94, 1282.27, 1218.6, 1158.04, 1100.23, 1045.27, 992.81, 942.944, 895.31, 850.002, 806.671, 765.389, 725.826, 688.034, 651.706, 616.866, 583.234, 550.809, 519.335, 488.786, 458.934, 429.722, 400.954, 372.543, 344.322}	Sw: {0.223419, 0.203588, 0.2, 0.2, 0.2, 0.2, 0.2, 0.2, 0.2, 0.2, 0.2, 0.2, 0.2, 0.2, 0.2, 0.2, 0.2, 0.2, 0.2, 0.2, 0.2, 0.2, 0.2, 0.2, 0.2, 0.2, 0.2, 0.2, 0.2, 0.2, 0.2, 0.2, 0.2, 0.2, 0.2, 0.2, 0.2, 0.2, 0.2, 0.2, 0.2, 0.2, 0.2, 0.2, 0.2, 0.2, 0.2, 0.2, 0.2, 0.2}	Convergence: 0.00130681
800	Pr: {4346.27, 4184.22, 4013.54, 3847.8, 3687.06, 3531.22, 3380.34, 3234.27, 3093.1, 2956.65, 2825, 2697.95, 2575.59, 2457.67, 2344.32, 2235.24, 2130.57, 2029.99, 1933.64, 1841.18, 1752.76, 1668.02, 1587.1, 1509.64, 1435.77, 1365.13, 1297.85, 1233.55, 1172.36, 1113.91, 1058.31, 1005.19, 954.671, 906.379, 860.407, 816.411, 774.46, 734.229, 695.766, 658.766, 623.254, 588.95, 555.852, 523.707, 492.485, 461.962, 432.078, 402.639, 373.556, 344.664}	Sw: {0.223418, 0.203588, 0.2, 0.2, 0.2, 0.2, 0.2, 0.2, 0.2, 0.2, 0.2, 0.2, 0.2, 0.2, 0.2, 0.2, 0.2, 0.2, 0.2, 0.2, 0.2, 0.2, 0.2, 0.2, 0.2, 0.2, 0.2, 0.2, 0.2, 0.2, 0.2, 0.2, 0.2, 0.2, 0.2, 0.2, 0.2, 0.2, 0.2, 0.2, 0.2, 0.2, 0.2, 0.2, 0.2, 0.2, 0.2, 0.2, 0.2, 0.2}	Convergence: 0.00128704
810	Pr: {4371.15, 4209.08, 4038.35, 3872.54, 3711.68, 3555.7, 3404.64, 3258.37, 3116.96, 2980.24, 2848.3, 2720.93, 2598.22, 2479.93, 2366.17, 2256.67, 2151.55, 2050.51, 1953.67, 1860.7, 1771.75, 1686.47, 1604.99, 1526.95, 1452.5, 1381.26, 1313.37, 1248.46, 1186.64, 1127.55, 1071.31, 1017.55, 966.378, 917.431, 870.798, 826.139, 783.522, 742.625, 703.492, 665.823, 629.64, 594.665, 560.896, 528.079, 496.185, 464.99, 434.434, 404.324, 374.569, 345.006}	Sw: {0.223418, 0.203588, 0.2, 0.2, 0.2, 0.2, 0.2, 0.2, 0.2, 0.2, 0.2, 0.2, 0.2, 0.2, 0.2, 0.2, 0.2, 0.2, 0.2, 0.2, 0.2, 0.2, 0.2, 0.2, 0.2, 0.2, 0.2, 0.2, 0.2, 0.2, 0.2, 0.2, 0.2, 0.2, 0.2, 0.2, 0.2, 0.2, 0.2, 0.2, 0.2, 0.2, 0.2, 0.2, 0.2, 0.2, 0.2, 0.2, 0.2, 0.2}	Convergence: 0.00126772
820	Pr: {4395.86, 4233.78, 4063, 3897.11, 3736.15, 3580.02, 3428.79, 3282.32, 3140.68, 3003.7, 2871.47, 2743.77, 2620.72, 2502.06, 2387.91, 2277.99, 2172.43, 2070.92, 1973.59, 1880.13, 1790.66, 1704.84, 1622.81, 1544.21, 1469.17, 1397.34, 1328.85, 1263.32, 1200.88, 1141.17, 1084.29, 1029.89, 978.063, 928.464, 881.173, 835.855, 792.574, 751.013, 711.212, 672.876, 636.023, 600.379, 565.937, 532.45, 499.885, 468.018, 436.791, 406.009, 375.583, 345.348}	Sw: {0.223418, 0.203588, 0.2, 0.2, 0.2, 0.2, 0.2, 0.2, 0.2, 0.2, 0.2, 0.2, 0.2, 0.2, 0.2, 0.2, 0.2, 0.2, 0.2, 0.2, 0.2, 0.2, 0.2, 0.2, 0.2, 0.2, 0.2, 0.2, 0.2, 0.2, 0.2, 0.2, 0.2, 0.2, 0.2, 0.2, 0.2, 0.2, 0.2, 0.2, 0.2, 0.2, 0.2, 0.2, 0.2, 0.2, 0.2, 0.2, 0.2, 0.2}	Convergence: 0.0012492
830	Pr: {4420.41, 4258.32, 4087.49, 3921.52, 3760.45, 3604.19, 3452.79, 3306.11, 3164.24, 3027.01, 2894.49, 2766.48, 2643.09, 2524.06, 2409.52, 2299.19, 2193.19, 2091.23, 1993.43, 1899.47, 1809.48, 1723.13, 1640.55, 1561.39, 1485.78, 1413.37, 1344.28, 1278.14, 1215.08, 1154.75, 1097.23, 1042.2, 989.724, 939.476, 891.531, 845.557, 801.615, 759.391, 718.925, 679.923, 642.401, 606.088, 570.977, 536.82, 503.583, 471.046, 439.147, 407.694, 376.596, 345.69}	Sw: {0.223417, 0.203589, 0.2, 0.2, 0.2, 0.2, 0.2, 0.2, 0.2, 0.2, 0.2, 0.2, 0.2, 0.2, 0.2, 0.2, 0.2, 0.2, 0.2, 0.2, 0.2, 0.2, 0.2, 0.2, 0.2, 0.2, 0.2, 0.2, 0.2, 0.2, 0.2, 0.2, 0.2, 0.2, 0.2, 0.2, 0.2, 0.2, 0.2, 0.2, 0.2, 0.2, 0.2, 0.2, 0.2, 0.2, 0.2, 0.2, 0.2, 0.2}	Convergence: 0.00123101
840	Pr: {4444.81, 4282.7, 4111.83, 3945.78, 3784.61, 3628.2, 3476.63, 3329.77, 3187.67, 3050.18, 2917.38, 2789.06, 2665.33, 2545.95, 2431.02, 2320.28, 2213.85, 2111.44, 2013.16, 1918.71, 1828.22, 1741.35, 1658.22, 1578.51, 1502.33, 1429.34, 1359.65, 1292.91, 1229.24, 1168.29, 1110.15, 1054.47, 1001.36, 950.467, 901.87, 855.242, 810.642, 767.758, 726.629, 686.962, 648.773, 611.794, 576.013, 541.187, 507.28, 474.073, 441.503, 409.379, 377.61, 346.032}	Sw: {0.223417, 0.203589, 0.2, 0.2, 0.2, 0.2, 0.2, 0.2, 0.2, 0.2, 0.2, 0.2, 0.2, 0.2, 0.2, 0.2, 0.2, 0.2, 0.2, 0.2, 0.2, 0.2, 0.2, 0.2, 0.2, 0.2, 0.2, 0.2, 0.2, 0.2, 0.2, 0.2, 0.2, 0.2, 0.2, 0.2, 0.2, 0.2, 0.2, 0.2, 0.2, 0.2, 0.2, 0.2, 0.2, 0.2, 0.2, 0.2, 0.2, 0.2}	Convergence: 0.00121315
850	Pr: {4469.04, 4306.93, 4136.01, 3969.89, 3808.61, 3652.07, 3500.34, 3353.27, 3210.95, 3073.21, 2940.13, 2811.51, 2687.45, 2567.71, 2452.4, 2341.26, 2234.41, 2131.55, 2032.81, 1937.87, 1846.87, 1759.48, 1675.82, 1595.56, 1518.82, 1445.25, 1374.97, 1307.64, 1243.36, 1181.79, 1123.02, 1066.72, 1012.97, 961.434, 912.189, 864.911, 819.654, 776.113, 734.322, 693.993, 655.139, 617.494, 581.045, 545.551, 510.974, 477.097, 443.857, 411.062, 378.622, 346.374}	Sw: {0.223417, 0.203589, 0.2, 0.2, 0.2, 0.2, 0.2, 0.2, 0.2, 0.2, 0.2, 0.2, 0.2, 0.2, 0.2, 0.2, 0.2, 0.2, 0.2, 0.2, 0.2, 0.2, 0.2, 0.2, 0.2, 0.2, 0.2, 0.2, 0.2, 0.2, 0.2, 0.2, 0.2, 0.2, 0.2, 0.2, 0.2, 0.2, 0.2, 0.2, 0.2, 0.2, 0.2, 0.2, 0.2, 0.2, 0.2, 0.2, 0.2, 0.2}	Convergence: 0.00119562
860	Pr: {4493.13, 4331, 4160.04, 3993.85, 3832.46, 3675.79, 3523.89, 3376.64, 3234.1, 3096.11, 2962.75, 2833.84, 2709.45, 2589.36, 2473.67, 2362.14, 2254.86, 2151.56, 2052.36, 1956.94, 1865.44, 1777.54, 1693.35, 1612.55, 1535.24, 1461.1, 1390.24, 1322.32, 1257.44, 1195.25, 1135.86, 1078.94, 1024.55, 972.377, 922.487, 874.56, 828.651, 784.454, 742.004, 701.015, 661.497, 623.187, 586.072, 549.911, 514.665, 480.12, 446.209, 412.745, 379.634, 346.715}	Sw: {0.223417, 0.20359, 0.2, 0.2, 0.2, 0.2, 0.2, 0.2, 0.2, 0.2, 0.2, 0.2, 0.2, 0.2, 0.2, 0.2, 0.2, 0.2, 0.2, 0.2, 0.2, 0.2, 0.2, 0.2, 0.2, 0.2, 0.2, 0.2, 0.2, 0.2, 0.2, 0.2, 0.2, 0.2, 0.2, 0.2, 0.2, 0.2, 0.2, 0.2, 0.2, 0.2, 0.2, 0.2, 0.2, 0.2, 0.2, 0.2, 0.2, 0.2}	Convergence: 0.00117841
870	Pr: {4517.07, 4354.92, 4183.92, 4017.66, 3856.16, 3699.36, 3547.3, 3399.86, 3257.11, 3118.87, 2985.25, 2856.03, 2731.32, 2610.88, 2494.83, 2382.9, 2275.2, 2171.47, 2071.81, 1975.92, 1883.93, 1795.52, 1710.8, 1629.46, 1551.6, 1476.9, 1405.46, 1336.95, 1271.46, 1208.67, 1148.67, 1091.12, 1036.1, 983.294, 932.762, 884.191, 837.63, 792.781, 749.673, 708.025, 667.846, 628.873, 591.092, 554.265, 518.352, 483.139, 448.559, 414.426, 380.645, 347.057}	Sw: {0.223416, 0.20359, 0.2, 0.2, 0.2, 0.2, 0.2, 0.2, 0.2, 0.2, 0.2, 0.2, 0.2, 0.2, 0.2, 0.2, 0.2, 0.2, 0.2, 0.2, 0.2, 0.2, 0.2, 0.2, 0.2, 0.2, 0.2, 0.2, 0.2, 0.2, 0.2, 0.2, 0.2, 0.2, 0.2, 0.2, 0.2, 0.2, 0.2, 0.2, 0.2, 0.2, 0.2, 0.2, 0.2, 0.2, 0.2, 0.2, 0.2, 0.2}	Convergence: 0.00116151
880	Pr: {4540.85, 4378.7, 4207.65, 4041.32, 3879.72, 3722.79, 3570.58, 3422.95, 3279.98, 3141.5, 3007.61, 2878.1, 2753.07, 2632.29, 2515.87, 2403.55, 2295.45, 2191.28, 2091.17, 1994.82, 1902.34, 1813.42, 1728.18, 1646.31, 1567.9, 1492.64, 1420.62, 1351.53, 1285.45, 1222.06, 1161.44, 1103.27, 1047.62, 994.185, 943.013, 893.8, 846.591, 801.092, 757.329, 715.024, 674.184, 634.55, 596.106, 558.614, 522.034, 486.154, 450.907, 416.105, 381.655, 347.398}	Sw: {0.223416, 0.20359, 0.2, 0.2, 0.2, 0.2, 0.2, 0.2, 0.2, 0.2, 0.2, 0.2, 0.2, 0.2, 0.2, 0.2, 0.2, 0.2, 0.2, 0.2, 0.2, 0.2, 0.2, 0.2, 0.2, 0.2, 0.2, 0.2, 0.2, 0.2, 0.2, 0.2, 0.2, 0.2, 0.2, 0.2, 0.2, 0.2, 0.2, 0.2, 0.2, 0.2, 0.2, 0.2, 0.2, 0.2, 0.2, 0.2, 0.2, 0.2}	Convergence: 0.00114493
890	Pr: {4564.49, 4402.32, 4231.24, 4064.83, 3903.14, 3746.08, 3593.71, 3445.89, 3302.71, 3164, 3029.84, 2900.04, 2774.7, 2653.58, 2536.8, 2424.1, 2315.58, 2211, 2110.44, 2013.62, 1920.65, 1831.24, 1745.49, 1663.08, 1584.13, 1508.31, 1435.73, 1366.05, 1299.39, 1235.39, 1174.17, 1115.38, 1059.12, 1005.05, 953.24, 903.387, 855.533, 809.386, 764.97, 722.011, 680.512, 640.219, 601.112, 562.957, 525.712, 489.166, 453.251, 417.782, 382.664, 347.738}	Sw: {0.223416, 0.203591, 0.2, 0.2, 0.2, 0.2, 0.2, 0.2, 0.2, 0.2, 0.2, 0.2, 0.2, 0.2, 0.2, 0.2, 0.2, 0.2, 0.2, 0.2, 0.2, 0.2, 0.2, 0.2, 0.2, 0.2, 0.2, 0.2, 0.2, 0.2, 0.2, 0.2, 0.2, 0.2, 0.2, 0.2, 0.2, 0.2, 0.2, 0.2, 0.2, 0.2, 0.2, 0.2, 0.2, 0.2, 0.2, 0.2, 0.2, 0.2}	Convergence: 0.00112866
900	Pr: {4587.99, 4425.81, 4254.68, 4088.2, 3926.41, 3769.23, 3616.7, 3468.71, 3325.31, 3186.37, 3051.95, 2921.86, 2796.2, 2674.76, 2557.61, 2444.53, 2335.62, 2230.61, 2129.61, 2032.33, 1938.89, 1848.98, 1762.72, 1679.79, 1600.3, 1523.93, 1450.78, 1380.53, 1313.27, 1248.69, 1186.86, 1127.46, 1070.57, 1015.88, 963.44, 912.951, 864.454, 817.661, 772.595, 728.984, 686.829, 645.877, 606.109, 567.293, 529.383, 492.173, 455.592, 419.456, 383.672, 348.078}	Sw: {0.223415, 0.203591, 0.2, 0.2, 0.2, 0.2, 0.2, 0.2, 0.2, 0.2, 0.2, 0.2, 0.2, 0.2, 0.2, 0.2, 0.2, 0.2, 0.2, 0.2, 0.2, 0.2, 0.2, 0.2, 0.2, 0.2, 0.2, 0.2, 0.2, 0.2, 0.2, 0.2, 0.2, 0.2, 0.2, 0.2, 0.2, 0.2, 0.2, 0.2, 0.2, 0.2, 0.2, 0.2, 0.2, 0.2, 0.2, 0.2, 0.2, 0.2}	Convergence: 0.00111269
910	Pr: {4611.34, 4449.15, 4277.98, 4111.43, 3949.55, 3792.24, 3639.56, 3491.38, 3347.78, 3208.61, 3073.93, 2943.56, 2817.6, 2695.82, 2578.32, 2464.87, 2355.55, 2250.13, 2148.69, 2050.96, 1957.04, 1866.65, 1779.88, 1696.43, 1616.4, 1539.48, 1465.77, 1394.95, 1327.12, 1261.94, 1199.51, 1139.5, 1082, 1026.68, 973.614, 922.491, 873.354, 825.918, 780.204, 735.942, 693.132, 651.525, 611.098, 571.621, 533.049, 495.175, 457.929, 421.128, 384.677, 348.418}	Sw: {0.223415, 0.203591, 0.2, 0.2, 0.2, 0.2, 0.2, 0.2, 0.2, 0.2, 0.2, 0.2, 0.2, 0.2, 0.2, 0.2, 0.2, 0.2, 0.2, 0.2, 0.2, 0.2, 0.2, 0.2, 0.2, 0.2, 0.2, 0.2, 0.2, 0.2, 0.2, 0.2, 0.2, 0.2, 0.2, 0.2, 0.2, 0.2, 0.2, 0.2, 0.2, 0.2, 0.2, 0.2, 0.2, 0.2, 0.2, 0.2, 0.2, 0.2}	Convergence: 0.00109702
920	Pr: {4634.55, 4472.35, 4301.14, 4134.53, 3972.54, 3815.11, 3662.28, 3513.93, 3370.13, 3230.72, 3095.78, 2965.14, 2838.87, 2716.76, 2598.92, 2485.09, 2375.39, 2269.55, 2167.68, 2069.5, 1975.11, 1884.23, 1796.96, 1712.99, 1632.44, 1554.98, 1480.71, 1409.33, 1340.91, 1275.15, 1212.12, 1151.51, 1093.39, 1037.46, 983.759, 932.006, 882.232, 834.155, 787.795, 742.885, 699.423, 657.161, 616.076, 575.94, 536.707, 498.172, 460.262, 422.797, 385.682, 348.757}	Sw: {0.223415, 0.203591, 0.2, 0.2, 0.2, 0.2, 0.2, 0.2, 0.2, 0.2, 0.2, 0.2, 0.2, 0.2, 0.2, 0.2, 0.2, 0.2, 0.2, 0.2, 0.2, 0.2, 0.2, 0.2, 0.2, 0.2, 0.2, 0.2, 0.2, 0.2, 0.2, 0.2, 0.2, 0.2, 0.2, 0.2, 0.2, 0.2, 0.2, 0.2, 0.2, 0.2, 0.2, 0.2, 0.2, 0.2, 0.2, 0.2, 0.2, 0.2}	Convergence: 0.00108164
930	Pr: {4657.63, 4495.41, 4324.16, 4157.48, 3995.4, 3837.85, 3684.87, 3536.34, 3392.34, 3252.71, 3117.52, 2986.6, 2860.02, 2737.6, 2619.4, 2505.21, 2395.12, 2288.87, 2186.57, 2087.94, 1993.09, 1901.73, 1813.97, 1729.49, 1648.41, 1570.41, 1495.59, 1423.64, 1354.65, 1288.31, 1224.68, 1163.47, 1104.75, 1048.2, 993.876, 941.495, 891.086, 842.372, 795.368, 749.812, 705.699, 662.785, 621.044, 580.252, 540.359, 501.163, 462.591, 424.463, 386.684, 349.095}	Sw: {0.223415, 0.203592, 0.2, 0.2, 0.2, 0.2, 0.2, 0.2, 0.2, 0.2, 0.2, 0.2, 0.2, 0.2, 0.2, 0.2, 0.2, 0.2, 0.2, 0.2, 0.2, 0.2, 0.2, 0.2, 0.2, 0.2, 0.2, 0.2, 0.2, 0.2, 0.2, 0.2, 0.2, 0.2, 0.2, 0.2, 0.2, 0.2, 0.2, 0.2, 0.2, 0.2, 0.2, 0.2, 0.2, 0.2, 0.2, 0.2, 0.2, 0.2}	Convergence: 0.00106655
940	Pr: {4680.56, 4518.33, 4347.04, 4180.3, 4018.12, 3860.45, 3707.32, 3558.63, 3414.42, 3274.57, 3139.13, 3007.94, 2881.07, 2758.32, 2639.78, 2525.23, 2414.75, 2308.1, 2205.37, 2106.31, 2010.99, 1919.16, 1830.9, 1745.92, 1664.31, 1585.78, 1510.41, 1437.91, 1368.34, 1301.42, 1237.21, 1175.4, 1116.07, 1058.9, 1003.96, 950.957, 899.916, 850.566, 802.922, 756.722, 711.961, 668.396, 626.002, 584.553, 544.003, 504.147, 464.915, 426.126, 387.684, 349.433}	Sw: {0.223414, 0.203592, 0.2, 0.2, 0.2, 0.2, 0.2, 0.2, 0.2, 0.2, 0.2, 0.2, 0.2, 0.2, 0.2, 0.2, 0.2, 0.2, 0.2, 0.2, 0.2, 0.2, 0.2, 0.2, 0.2, 0.2, 0.2, 0.2, 0.2, 0.2, 0.2, 0.2, 0.2, 0.2, 0.2, 0.2, 0.2, 0.2, 0.2, 0.2, 0.2, 0.2, 0.2, 0.2, 0.2, 0.2, 0.2, 0.2, 0.2, 0.2}	Convergence: 0.00105174
950	Pr: {4703.36, 4541.12, 4369.79, 4202.98, 4040.72, 3882.92, 3729.65, 3580.78, 3436.38, 3296.3, 3160.62, 3029.16, 2901.99, 2778.93, 2660.05, 2545.14, 2434.28, 2327.23, 2224.08, 2124.58, 2028.81, 1936.51, 1847.75, 1762.27, 1680.15, 1601.09, 1525.17, 1452.11, 1381.99, 1314.49, 1249.69, 1187.29, 1127.35, 1069.58, 1014.02, 960.391, 908.722, 858.739, 810.455, 763.614, 718.207, 673.994, 630.947, 588.845, 547.638, 507.125, 467.234, 427.785, 388.682, 349.77}	Sw: {0.223414, 0.203592, 0.2, 0.2, 0.2, 0.2, 0.2, 0.2, 0.2, 0.2, 0.2, 0.2, 0.2, 0.2, 0.2, 0.2, 0.2, 0.2, 0.2, 0.2, 0.2, 0.2, 0.2, 0.2, 0.2, 0.2, 0.2, 0.2, 0.2, 0.2, 0.2, 0.2, 0.2, 0.2, 0.2, 0.2, 0.2, 0.2, 0.2, 0.2, 0.2, 0.2, 0.2, 0.2, 0.2, 0.2, 0.2, 0.2, 0.2, 0.2}	Convergence: 0.00103721
960	Pr: {4726.03, 4563.77, 4392.41, 4225.53, 4063.17, 3905.27, 3751.85, 3602.81, 3458.21, 3317.92, 3181.99, 3050.26, 2922.81, 2799.43, 2680.22, 2564.95, 2453.71, 2346.27, 2242.7, 2142.77, 2046.55, 1953.77, 1864.54, 1778.55, 1695.92, 1616.33, 1539.88, 1466.27, 1395.58, 1327.5, 1262.12, 1199.13, 1138.59, 1080.22, 1024.05, 969.797, 917.501, 866.888, 817.969, 770.488, 724.437, 679.577, 635.881, 593.127, 551.265, 510.097, 469.548, 429.44, 389.678, 350.106}	Sw: {0.223414, 0.203592, 0.2, 0.2, 0.2, 0.2, 0.2, 0.2, 0.2, 0.2, 0.2, 0.2, 0.2, 0.2, 0.2, 0.2, 0.2, 0.2, 0.2, 0.2, 0.2, 0.2, 0.2, 0.2, 0.2, 0.2, 0.2, 0.2, 0.2, 0.2, 0.2, 0.2, 0.2, 0.2, 0.2, 0.2, 0.2, 0.2, 0.2, 0.2, 0.2, 0.2, 0.2, 0.2, 0.2, 0.2, 0.2, 0.2, 0.2, 0.2}	Convergence: 0.00102296
970	Pr: {4748.56, 4586.29, 4414.89, 4247.95, 4085.5, 3927.48, 3773.92, 3624.71, 3479.92, 3339.41, 3203.24, 3071.25, 2943.51, 2819.82, 2700.28, 2584.66, 2473.04, 2365.21, 2261.23, 2160.86, 2064.2, 1970.96, 1881.24, 1794.77, 1711.62, 1631.51, 1554.52, 1480.37, 1409.11, 1340.48, 1274.51, 1210.94, 1149.8, 1090.82, 1034.04, 979.174, 926.255, 875.014, 825.461, 777.343, 730.65, 685.146, 640.801, 597.398, 554.884, 513.061, 471.856, 431.092, 390.672, 350.442}	Sw: {0.223414, 0.203593, 0.2, 0.2, 0.2, 0.2, 0.2, 0.2, 0.2, 0.2, 0.2, 0.2, 0.2, 0.2, 0.2, 0.2, 0.2, 0.2, 0.2, 0.2, 0.2, 0.2, 0.2, 0.2, 0.2, 0.2, 0.2, 0.2, 0.2, 0.2, 0.2, 0.2, 0.2, 0.2, 0.2, 0.2, 0.2, 0.2, 0.2, 0.2, 0.2, 0.2, 0.2, 0.2, 0.2, 0.2, 0.2, 0.2, 0.2, 0.2}	Convergence: 0.00100897
980	Pr: {4770.96, 4608.68, 4437.24, 4270.24, 4107.7, 3949.56, 3795.86, 3646.49, 3501.51, 3360.79, 3224.38, 3092.12, 2964.1, 2840.11, 2720.23, 2604.26, 2492.28, 2384.05, 2279.67, 2178.88, 2081.76, 1988.07, 1897.87, 1810.91, 1727.25, 1646.63, 1569.11, 1494.41, 1422.6, 1353.4, 1286.86, 1222.7, 1160.97, 1101.39, 1044, 988.522, 934.981, 883.116, 832.931, 784.179, 736.846, 690.7, 645.709, 601.658, 558.492, 516.018, 474.158, 432.739, 391.663, 350.776}	Sw: {0.223413, 0.203593, 0.2, 0.2, 0.2, 0.2, 0.2, 0.2, 0.2, 0.2, 0.2, 0.2, 0.2, 0.2, 0.2, 0.2, 0.2, 0.2, 0.2, 0.2, 0.2, 0.2, 0.2, 0.2, 0.2, 0.2, 0.2, 0.2, 0.2, 0.2, 0.2, 0.2, 0.2, 0.2, 0.2, 0.2, 0.2, 0.2, 0.2, 0.2, 0.2, 0.2, 0.2, 0.2, 0.2, 0.2, 0.2, 0.2, 0.2, 0.2}	Convergence: 0.00099524
990	Pr: {4793.23, 4630.94, 4459.46, 4292.4, 4129.77, 3971.52, 3817.68, 3668.15, 3522.98, 3382.04, 3245.4, 3112.88, 2984.57, 2860.28, 2740.08, 2623.77, 2511.42, 2402.81, 2298.02, 2196.8, 2099.25, 2005.1, 1914.43, 1826.98, 1742.82, 1661.68, 1583.63, 1508.39, 1436.03, 1366.27, 1299.16, 1234.42, 1172.1, 1111.92, 1053.93, 997.839, 943.68, 891.192, 840.379, 790.994, 743.024, 696.239, 650.604, 605.906, 562.092, 518.966, 476.454, 434.382, 392.651, 351.11}	Sw: {0.223413, 0.203593, 0.2, 0.2, 0.2, 0.2, 0.2, 0.2, 0.2, 0.2, 0.2, 0.2, 0.2, 0.2, 0.2, 0.2, 0.2, 0.2, 0.2, 0.2, 0.2, 0.2, 0.2, 0.2, 0.2, 0.2, 0.2, 0.2, 0.2, 0.2, 0.2, 0.2, 0.2, 0.2, 0.2, 0.2, 0.2, 0.2, 0.2, 0.2, 0.2, 0.2, 0.2, 0.2, 0.2, 0.2, 0.2, 0.2, 0.2, 0.2}	Convergence: 0.00098177
1000	Pr: {4815.37, 4653.07, 4481.56, 4314.43, 4151.72, 3993.35, 3839.37, 3689.68, 3544.33, 3403.18, 3266.3, 3133.53, 3004.94, 2880.35, 2759.83, 2643.17, 2530.46, 2421.46, 2316.27, 2214.64, 2116.65, 2022.05, 1930.91, 1842.98, 1758.32, 1676.67, 1598.1, 1522.32, 1449.42, 1379.09, 1311.41, 1246.1, 1183.19, 1122.42, 1063.82, 1007.13, 952.351, 899.243, 847.803, 797.789, 749.184, 701.761, 655.484, 610.142, 565.681, 521.907, 478.745, 436.021, 393.637, 351.443}	Sw: {0.223413, 0.203593, 0.2, 0.2, 0.2, 0.2, 0.2, 0.2, 0.2, 0.2, 0.2, 0.2, 0.2, 0.2, 0.2, 0.2, 0.2, 0.2, 0.2, 0.2, 0.2, 0.2, 0.2, 0.2, 0.2, 0.2, 0.2, 0.2, 0.2, 0.2, 0.2, 0.2, 0.2, 0.2, 0.2, 0.2, 0.2, 0.2, 0.2, 0.2, 0.2, 0.2, 0.2, 0.2, 0.2, 0.2, 0.2, 0.2, 0.2, 0.2}	Convergence: 0.000968551
Response
  Maximum residual: 8.6006
  ||residual||: 41.7898
Provided True Response
  Maximum residual: 7.27596e-12
  ||residual||: 1.18605e-11
Delta Responses
  ||delta||: 21616.4
  Maximum difference: 4307.01
  Maximum difference odd: 4307.01
  Maximum difference even: 4.24194e-05

