               x	               y	           dy/dx	         d2y/dx2	          Int(y)	         ylinear
             200	      432.467637	   -0.1027228341	               0	               0	      432.467637
     230.3030303	     429.3565209	    -0.102554823	 1.108873355e-05	     13057.92893	     430.0201479
     260.6060606	     426.2555873	   -0.1020507896	  2.21774671e-05	     26021.71018	     427.5726587
     290.9090909	     423.1750187	   -0.1012107341	 3.326620065e-05	      38891.8066	     425.1251696
     321.2121212	     420.1249976	   -0.1000346563	  4.43549342e-05	     51668.98958	     422.6776804
     351.5151515	     417.1157065	  -0.09852255624	 5.544366775e-05	     64354.33908	     420.2301913
     381.8181818	     414.1573278	  -0.09667443398	  6.65324013e-05	     76949.24363	     417.7827022
             400	     412.4109745	  -0.09540426995	 7.318564143e-05	     84463.46593	     416.3142087
     442.4242424	     408.4340377	  -0.09197012277	  8.87098684e-05	     101874.8148	     412.8877239
     472.7272727	     405.6894914	  -0.08911393383	 9.979860195e-05	     114209.8012	     410.4402347
      503.030303	     403.0365874	  -0.08592172266	 0.0001108873355	     126462.9823	     407.9927456
     533.3333333	     400.4855084	  -0.08239348925	 0.0001219760691	     138637.2896	     405.5452564
     563.6363636	     398.0464368	  -0.07852923362	 0.0001330648026	     150735.9627	     403.0977673
     593.9393939	     395.7295551	  -0.07432895576	 0.0001441535362	     162762.5503	     400.6502782
     624.2424242	     393.5450457	  -0.06979265567	 0.0001552422697	     174720.9092	      398.202789
     654.5454545	     391.5030913	  -0.06492033336	 0.0001663310033	     186615.2051	     395.7552999
     684.8484848	     389.6138743	  -0.05971198881	 0.0001774197368	     198449.9121	     393.3078107
     715.1515152	     387.8875771	  -0.05416762204	 0.0001885084704	     210229.8128	     390.8603216
     745.4545455	     386.3343822	  -0.04828723303	 0.0001995972039	     221959.9986	     388.4128325
     775.7575758	     384.9644723	   -0.0420708218	 0.0002106859375	     233645.8692	     385.9653433
             800	      384.007352	  -0.03685575681	 0.0002195569243	     242966.4844	      384.007352
     836.3636364	      382.809721	  -0.02908498728	    0.0002078354	     256907.7567	      384.610402
     866.6666667	     382.0222877	   -0.0229349439	 0.0001980674631	     268495.6498	     385.1129437
      896.969697	     381.4167345	   -0.0170808986	 0.0001882995262	     280062.4598	     385.6154853
     927.2727273	     380.9840918	   -0.0115228514	 0.0001785315893	     291613.5621	      386.118027
     957.5757576	       380.71539	 -0.006260802283	 0.0001687636524	     303154.0607	     386.6205687
     987.8787879	     380.6016594	 -0.001294751255	 0.0001589957155	     314688.7875	     387.1231103
     1018.181818	     380.6339304	  0.003375301686	 0.0001492277786	     326222.3027	      387.625652
     1048.484848	     380.8032333	  0.007749356538	 0.0001394598417	     337758.8947	     388.1281937
     1078.787879	     381.1005985	    0.0118274133	 0.0001296919048	     349302.5801	     388.6307353
     1109.090909	     381.5170563	   0.01560947198	 0.0001199239679	     360857.1037	      389.133277
     1139.393939	     382.0436372	   0.01909553257	 0.0001101560309	     372425.9383	     389.6358187
      1169.69697	     382.6713714	   0.02228559507	  0.000100388094	     384012.2852	     390.1383603
            1200	     383.3912894	   0.02517965948	 9.062015714e-05	     395619.0738	      390.640902
      1230.30303	     384.1944215	    0.0277777258	 8.085222023e-05	     407248.9615	     391.1434437
     1260.606061	     385.0717981	   0.03007979404	 7.108428332e-05	     418904.3341	     391.6459853
     1290.909091	     386.0144495	   0.03208586418	 6.131634642e-05	     430587.3056	      392.148527
     1321.212121	      387.013406	   0.03379593624	 5.154840951e-05	      442299.718	     392.6510687
     1351.515152	     388.0596981	   0.03521001022	 4.178047261e-05	     454043.1417	     393.1536103
     1381.818182	     389.1443562	    0.0363280861	  3.20125357e-05	     465818.8751	      393.656152
     1412.121212	     390.2584105	   0.03715016389	  2.22445988e-05	      477627.945	     394.1586937
     1442.424242	     391.3928914	    0.0376762436	 1.247666189e-05	     489471.1063	     394.6612353
     1472.727273	     392.5388293	   0.03790632522	 2.708724985e-06	      501348.842	      395.163777
     1503.030303	     393.6872545	   0.03784040875	-7.059211921e-06	     513261.3635	     395.6663187
     1533.333333	     394.8291975	    0.0374784942	-1.682714883e-05	     525208.6102	     396.1688603
     1563.636364	     395.9556885	   0.03682058155	-2.659508573e-05	     537190.2497	      396.671402
     1593.939394	      397.057758	   0.03586667082	-3.636302264e-05	     549205.6779	     397.1739437
            1600	      397.274452	    0.0356403689	-3.831661002e-05	     551612.7459	      397.274452
     1654.545455	      399.163582	   0.03366640815	-3.406195073e-05	     573334.2726	     398.8363037
     1684.848485	     400.1684988	   0.03267004146	-3.169825113e-05	      585445.441	     399.7039991
     1715.151515	      401.144308	   0.03174530202	-2.933455152e-05	     597586.6149	     400.5716944
     1745.454545	       402.09318	   0.03089218985	-2.697085192e-05	     609756.9452	     401.4393898
     1775.757576	     403.0172854	   0.03011070494	-2.460715231e-05	     621955.6484	     402.3070852
     1806.060606	     403.9187947	   0.02940084729	-2.224345271e-05	      634182.007	     403.1747806
     1836.363636	     404.7998785	   0.02876261689	-1.987975311e-05	      646435.369	      404.042476
     1866.666667	     405.6627071	   0.02819601376	 -1.75160535e-05	     658715.1485	     404.9101713
     1896.969697	     406.5094513	   0.02770103789	 -1.51523539e-05	     671020.8252	     405.7778667
     1927.272727	     407.3422814	   0.02727768929	-1.278865429e-05	     683351.9444	     406.6455621
     1957.575758	     408.1633681	   0.02692596794	-1.042495469e-05	     695708.1175	     407.5132575
     1987.878788	     408.9748818	   0.02664587385	-8.061255083e-06	     708089.0215	     408.3809528
     2018.181818	      409.778993	   0.02643740702	-5.697555479e-06	     720494.3992	     409.2486482
     2048.484848	     410.5778724	   0.02630056746	-3.333855875e-06	     732924.0592	     410.1163436
     2078.787879	     411.3736903	   0.02623535515	-9.701562703e-07	     745377.8757	      410.984039
     2109.090909	     412.1686174	   0.02624177011	 1.393543334e-06	      757855.789	     411.8517344
     2139.393939	     412.9648241	   0.02631981232	 3.757242938e-06	     770357.8049	     412.7194297
      2169.69697	     413.7644811	    0.0264694818	 6.120942543e-06	      782883.995	     413.5871251
            2200	     414.5697587	   0.02669077854	 8.484642147e-06	     795434.4969	     414.4548205
      2230.30303	     415.3828275	   0.02698370254	 1.084834175e-05	     808009.5136	     415.3225159
     2260.606061	     416.2058581	    0.0273482538	 1.321204136e-05	     820609.3143	     416.1902113
     2290.909091	     417.0410209	   0.02778443232	 1.557574096e-05	     833234.2336	     417.0579066
     2321.212121	     417.8904866	    0.0282922381	 1.793944056e-05	     845884.6722	      417.925602
     2351.515152	     418.7564255	   0.02887167114	 2.030314017e-05	     858561.0962	     418.7932974
     2381.818182	     419.6410083	   0.02952273144	 2.266683977e-05	     871264.0378	     419.6609928
            2400	       420.18161	   0.02994774871	 2.408505954e-05	     878898.7772	       420.18161
     2442.424242	     421.4734118	   0.03094244618	 2.280782153e-05	     896751.9163	      421.724598
     2472.727273	     422.4213939	   0.03161976937	 2.189550867e-05	     909538.1494	     422.8267323
     2503.030303	     423.3894822	   0.03226944671	 2.098319581e-05	      922353.416	     423.9288666
     2533.333333	     424.3768387	   0.03289147821	 2.007088295e-05	     935198.3127	     425.0310008
     2563.636364	     425.3826258	   0.03348586386	 1.915857009e-05	     948073.4106	     426.1331351
     2593.939394	     426.4060058	   0.03405260367	 1.824625722e-05	     960979.2556	     427.2352694
     2624.242424	     427.4461407	   0.03459169763	 1.733394436e-05	      973916.368	     428.3374037
     2654.545455	      428.502193	   0.03510314575	  1.64216315e-05	     986885.2431	      429.439538
     2684.848485	     429.5733249	   0.03558694802	 1.550931864e-05	     999886.3502	     430.5416722
     2715.151515	     430.6586985	   0.03604310445	 1.459700578e-05	     1012920.134	     431.6438065
     2745.454545	     431.7574762	   0.03647161504	 1.368469292e-05	     1025987.013	     432.7459408
     2775.757576	     432.8688202	   0.03687247978	 1.277238006e-05	     1039087.381	     433.8480751
     2806.060606	     433.9918927	   0.03724569868	  1.18600672e-05	     1052221.605	     434.9502094
     2836.363636	      435.125856	   0.03759127173	 1.094775433e-05	      1065390.03	     436.0523436
     2866.666667	     436.2698723	   0.03790919894	 1.003544147e-05	     1078592.971	     437.1544779
     2896.969697	      437.423104	   0.03819948031	 9.123128612e-06	     1091830.721	     438.2566122
     2927.272727	     438.5847131	   0.03846211583	 8.210815751e-06	     1105103.547	     439.3587465
     2957.575758	      439.753862	    0.0386971055	  7.29850289e-06	     1118411.689	     440.4608808
     2987.878788	      440.929713	   0.03890444934	 6.386190029e-06	     1131755.363	      441.563015
     3018.181818	     442.1114282	   0.03908414732	 5.473877167e-06	     1145134.761	     442.6651493
     3048.484848	     443.2981699	   0.03923619947	 4.561564306e-06	     1158550.046	     443.7672836
     3078.787879	     444.4891004	   0.03936060577	 3.649251445e-06	     1172001.359	     444.8694179
     3109.090909	     445.6833819	   0.03945736622	 2.736938584e-06	     1185488.813	     445.9715522
     3139.393939	     446.8801767	   0.03952648083	 1.824625722e-06	     1199012.498	     447.0736864
      3169.69697	      448.078647	    0.0395679496	 9.123128612e-07	     1212572.477	     448.1758207
            3200	      449.277955	   0.03958177252	 3.388131789e-21	     1226168.789	      449.277955
