               x	               y	           dy/dx	         d2y/dx2	          Int(y)	         ylinear
             200	      414.285177	    -0.302825127	               0	               0	      414.285177
     230.3030303	     405.1252674	   -0.3011807915	 0.0001085261455	     12415.18394	     405.8321656
     260.6060606	     396.0650146	   -0.2962477849	  0.000217052291	     24554.05315	     397.3791543
     290.9090909	     387.2040751	   -0.2880261072	 0.0003255784365	     36421.13748	     388.9261429
     321.2121212	     378.6421058	   -0.2765157584	  0.000434104582	     48023.98669	     380.4731315
     351.5151515	     370.4787632	   -0.2617167386	 0.0005426307275	     59373.17043	     372.0201202
     381.8181818	     362.8137042	   -0.2436290476	  0.000651156873	     70482.27824	     363.5671088
             400	      358.495302	    -0.231197871	 0.0007162725603	     77039.29038	      358.495302
     442.4242424	     349.3217934	   -0.2014960243	  0.000683957356	     92049.13758	     359.1636509
     472.7272727	     343.5263507	   -0.1811197754	 0.0006608750673	     102545.2775	      359.641043
      503.030303	     338.3377721	   -0.1614429899	 0.0006377927785	     112875.0464	      360.118435
     533.3333333	     333.7348618	   -0.1424656676	 0.0006147104898	     123056.5128	     360.5958271
     563.6363636	     329.6964239	   -0.1241878087	 0.0005916282011	     133107.1034	     361.0732192
     593.9393939	     326.2012626	    -0.106609413	 0.0005685459123	     143043.6019	     361.5506113
     624.2424242	     323.2281821	  -0.08973048067	 0.0005454636236	     152882.1504	     362.0280033
     654.5454545	     320.7559864	  -0.07355101161	 0.0005223813348	     162638.2482	     362.5053954
     684.8484848	     318.7634797	  -0.05807100583	 0.0004992990461	     172326.7525	     362.9827875
     715.1515152	     317.2294662	  -0.04329046336	 0.0004762167573	     181961.8782	     363.4601795
     745.4545455	       316.13275	  -0.02920938418	 0.0004531344686	     191557.1979	     363.9375716
     775.7575758	     315.4521352	  -0.01582776829	 0.0004300521799	     201125.6418	     364.4149637
             800	     315.1929928	 -0.005626089156	 0.0004115863489	     208769.3256	     364.7968773
     836.3636364	     315.2544265	  0.008837073594	 0.0003838876024	     220230.4122	     365.3697478
     866.6666667	     315.6949409	   0.02012029959	 0.0003608053136	     229789.3877	     365.8471399
      896.969697	     316.4667733	    0.0307040623	 0.0003377230249	     239366.7856	      366.324532
     927.2727273	     317.5487279	   0.04058836171	 0.0003146407361	     248972.3247	      366.801924
     957.5757576	     318.9196088	   0.04977319782	 0.0002915584474	     258615.0815	     367.2793161
     987.8787879	     320.5582201	   0.05825857064	 0.0002684761586	     268303.4901	     367.7567082
     1018.181818	     322.4433659	   0.06604448016	 0.0002453938699	     278045.3426	     368.2341002
     1048.484848	     324.5538505	   0.07313092639	 0.0002223115812	     287847.7885	     368.7114923
     1078.787879	      326.868478	   0.07951790933	 0.0001992292924	      297717.335	     369.1888844
     1109.090909	     329.3660525	   0.08520542896	 0.0001761470037	     307659.8472	     369.6662765
     1139.393939	     332.0253781	   0.09019348531	 0.0001530647149	     317680.5478	     370.1436685
      1169.69697	      334.825259	   0.09448207835	 0.0001299824262	     327784.0172	     370.6210606
            1200	     337.7444994	   0.09807120811	 0.0001069001374	     337974.1934	     371.0984527
      1230.30303	     340.7619033	    0.1009608746	  8.38178487e-05	     348254.3723	     371.5758447
     1260.606061	      343.856275	    0.1031510777	 6.073555996e-05	     358627.2074	     372.0532368
     1290.909091	     347.0064185	    0.1046418176	 3.765327122e-05	     369094.7099	     372.5306289
     1321.212121	      350.191138	    0.1054330942	 1.457098247e-05	     379658.2487	     373.0080209
     1351.515152	     353.3892377	    0.1055249074	-8.511306271e-06	     390318.5504	      373.485413
     1381.818182	     356.5795217	    0.1049172574	-3.159359501e-05	     401075.6993	     373.9628051
     1412.121212	     359.7407941	    0.1036101441	-5.467588376e-05	     411929.1374	     374.4401972
     1442.424242	     362.8518591	    0.1016035675	 -7.77581725e-05	     422877.6645	     374.9175892
     1472.727273	     365.8915208	   0.09889752759	-0.0001008404612	      433919.438	     375.3949813
     1503.030303	     368.8385834	   0.09549202439	  -0.00012392275	     445051.9729	     375.8723734
     1533.333333	     371.6718509	   0.09138705789	-0.0001470050387	     456272.1421	     376.3497654
     1563.636364	     374.3701276	    0.0865826281	-0.0001700873275	      467576.176	     376.8271575
     1593.939394	     376.9122176	   0.08107873501	-0.0001931696162	     478959.6631	     377.3045496
            1600	      377.400028	    0.0798940208	 -0.000197786074	     481245.4614	      377.400028
     1654.545455	     381.4723887	   0.06958596409	-0.0001801760053	     501944.5375	     379.3209585
     1684.848485	     383.4998262	   0.06427431804	-0.0001703926339	     513535.4321	     380.3881421
     1715.151515	     385.3707965	    0.0592591378	-0.0001606092624	     525185.3708	     381.4553257
     1745.454545	     387.0942837	   0.05454042335	 -0.000150825891	     536889.7482	     382.5225093
     1775.757576	     388.6792714	   0.05011817471	-0.0001410425195	     548644.2314	     383.5896929
     1806.060606	     390.1347434	   0.04599239187	 -0.000131259148	     560444.7595	     384.6568765
     1836.363636	     391.4696836	   0.04216307483	-0.0001214757766	     572287.5438	     385.7240601
     1866.666667	     392.6930759	   0.03863022359	-0.0001116924051	     584169.0681	     386.7912437
     1896.969697	     393.8139039	   0.03539383815	-0.0001019090337	     596086.0882	     387.8584273
     1927.272727	     394.8411516	   0.03245391852	-9.212566221e-05	     608035.6322	     388.9256109
     1957.575758	     395.7838027	   0.02981046468	-8.234229075e-05	     620015.0004	     389.9927945
     1987.878788	      396.650841	   0.02746347665	-7.255891929e-05	     632021.7655	     391.0599781
     2018.181818	     397.4512504	   0.02541295442	-6.277554783e-05	     644053.7723	     392.1271617
     2048.484848	     398.1940147	     0.023658898	-5.299217637e-05	     656109.1378	     393.1943453
     2078.787879	     398.8881176	   0.02220130737	-4.320880491e-05	     668186.2514	     394.2615289
     2109.090909	     399.5425431	   0.02104018255	-3.342543345e-05	     680283.7745	     395.3287125
     2139.393939	     400.1662748	   0.02017552353	-2.364206199e-05	     692400.6409	     396.3958961
      2169.69697	     400.7682967	   0.01960733031	-1.385869054e-05	     704536.0567	     397.4630797
            2200	     401.3575925	   0.01933560289	-4.075319076e-06	        716689.5	     398.5302632
      2230.30303	      401.943146	   0.01936034127	 5.708052383e-06	     728860.7215	     399.5974468
     2260.606061	     402.5339411	   0.01968154546	 1.549142384e-05	     741049.7437	     400.6646304
     2290.909091	     403.1389615	   0.02029921544	  2.52747953e-05	     753256.8616	      401.731814
     2321.212121	     403.7671912	   0.02121335123	 3.505816676e-05	     765482.6424	     402.7989976
     2351.515152	     404.4276138	   0.02242395282	 4.484153822e-05	     777727.9256	     403.8661812
     2381.818182	     405.1292132	   0.02393102022	 5.462490968e-05	     789993.8228	     404.9333648
            2400	      405.573675	   0.02497756424	 6.049493255e-05	     797363.8202	      405.573675
     2442.424242	     406.6868068	   0.02747596606	 5.728686795e-05	     814593.2133	     407.3177164
     2472.727273	     407.5453636	   0.02917721245	 5.499539323e-05	     826929.9342	     408.5634602
     2503.030303	     408.4544213	    0.0308090202	 5.270391851e-05	     839293.4424	      409.809204
     2533.333333	     409.4118756	   0.03237138933	  5.04124438e-05	     851685.2365	     411.0549478
     2563.636364	     410.4156223	   0.03386431982	 4.812096908e-05	      864106.751	     412.3006917
     2593.939394	     411.4635572	   0.03528781169	 4.582949436e-05	     876559.3569	     413.5464355
     2624.242424	     412.5535761	   0.03664186494	 4.353801964e-05	     889044.3614	     414.7921793
     2654.545455	     413.6835749	   0.03792647955	 4.124654492e-05	     901563.0078	     416.0379231
     2684.848485	     414.8514493	   0.03914165554	 3.895507021e-05	     914116.4758	      417.283667
     2715.151515	      416.055095	    0.0402873929	 3.666359549e-05	     926705.8812	     418.5294108
     2745.454545	      417.292408	   0.04136369163	 3.437212077e-05	     939332.2761	     419.7751546
     2775.757576	      418.561284	   0.04237055173	 3.208064605e-05	      951996.649	     421.0208984
     2806.060606	     419.8596189	   0.04330797321	 2.978917133e-05	     964699.9242	     422.2666423
     2836.363636	     421.1853083	   0.04417595605	 2.749769662e-05	     977442.9628	     423.5123861
     2866.666667	     422.5362481	   0.04497450027	  2.52062219e-05	     990226.5616	     424.7581299
     2896.969697	     423.9103342	   0.04570360587	 2.291474718e-05	     1003051.454	     426.0038737
     2927.272727	     425.3054622	   0.04636327283	 2.062327246e-05	      1015918.31	     427.2496176
     2957.575758	     426.7195281	   0.04695350117	 1.833179774e-05	     1028827.734	     428.4953614
     2987.878788	     428.1504276	   0.04747429088	 1.604032303e-05	     1041780.269	     429.7411052
     3018.181818	     429.5960565	   0.04792564196	 1.374884831e-05	     1054776.394	      430.986849
     3048.484848	     431.0543105	   0.04830755441	 1.145737359e-05	     1067816.521	     432.2325929
     3078.787879	     432.5230856	   0.04862002823	 9.165898872e-06	     1080901.003	     433.4783367
     3109.090909	     434.0002775	   0.04886306343	 6.874424154e-06	     1094030.127	     434.7240805
     3139.393939	      435.483782	      0.04903666	 4.582949436e-06	     1107204.114	     435.9698243
      3169.69697	     436.9714949	   0.04914081794	 2.291474718e-06	     1120423.126	     437.2155682
            3200	      438.461312	   0.04917553726	               0	     1133687.256	      438.461312
