               x	               y	           dy/dx	         d2y/dx2	          Int(y)	         ylinear
             200	     243.3568073	    0.1332336028	  6.93226588e-05	               0	     244.7432605
     230.3030303	     247.4244103	    0.1351751465	 5.881922565e-05	     7435.930483	     248.7106195
     260.6060606	     251.5460254	    0.1367984043	  4.83157925e-05	     14995.96438	     252.6779785
     290.9090909	     255.7120077	    0.1381033763	 3.781235935e-05	      22681.5923	     256.6453375
     321.2121212	      259.912712	    0.1390900625	  2.73089262e-05	     30494.01255	     260.6126966
     351.5151515	     264.1384934	    0.1397584628	 1.680549304e-05	     38434.13118	     264.5800556
     381.8181818	     268.3797069	    0.1401085772	 6.302059891e-06	     46502.56197	     268.5474146
             400	       270.92783	    0.1401658687	               0	     51405.35618	       270.92783
     442.4242424	     276.8698498	    0.1398539485	-1.470480641e-05	     63025.35375	     276.4821326
     472.7272727	     281.0994892	    0.1392492054	-2.520823956e-05	     71479.48092	     280.4494916
      503.030303	     285.3059806	    0.1383261764	-3.571167272e-05	     80061.45261	     284.4168507
     533.3333333	     289.4796788	    0.1370848616	-4.621510587e-05	     88770.42122	     288.3842097
     563.6363636	      293.610939	    0.1355252609	-5.671853902e-05	      97605.2469	     292.3515687
     593.9393939	      297.690116	    0.1336473744	-6.722197217e-05	     106564.4975	     296.3189277
     624.2424242	     301.7075649	     0.131451202	-7.772540532e-05	     115646.4486	     300.2862867
     654.5454545	     305.6536405	    0.1289367438	-8.822883848e-05	     124849.0835	     304.2536457
     684.8484848	      309.518698	    0.1261039997	-9.873227163e-05	     134170.0933	     308.2210047
     715.1515152	     313.2930922	    0.1229529697	-0.0001092357048	     143606.8767	     312.1883638
     745.4545455	     316.9671781	    0.1194836539	-0.0001197391379	     153156.5402	     316.1557228
     775.7575758	     320.5313107	    0.1156960523	-0.0001302425711	     162815.8981	     320.1230818
             800	      323.296969	    0.1124368052	-0.0001386453176	     170620.0368	      323.296969
     836.3636364	     327.2951544	    0.1074975068	-0.0001330160927	     182449.5288	     325.9693716
     866.6666667	     330.4922999	    0.1035377922	-0.0001283250719	     192416.3084	     328.1963738
      896.969697	      333.571608	    0.0997202297	-0.0001236340511	     202478.1749	     330.4233759
     927.2727273	     336.5373861	   0.09604481937	-0.0001189430303	     212631.6227	     332.6503781
     957.5757576	      339.393942	   0.09251156119	-0.0001142520096	     222873.2768	     334.8773802
     987.8787879	     342.1455833	   0.08912045516	-0.0001095609888	     233199.8928	     337.1043824
     1018.181818	     344.7966176	   0.08587150127	 -0.000104869968	     243608.3566	     339.3313845
     1048.484848	     347.3513526	   0.08276469952	-0.0001001789472	     254095.6848	     341.5583867
     1078.787879	     349.8140958	   0.07980004992	-9.548792644e-05	     264659.0245	     343.7853889
     1109.090909	     352.1891551	   0.07697755246	-9.079690567e-05	     275295.6534	      346.012391
     1139.393939	     354.4808379	   0.07429720715	-8.610588489e-05	     286002.9796	     348.2393932
      1169.69697	      356.693452	   0.07175901399	-8.141486411e-05	     296778.5418	     350.4663953
            1200	      358.831305	   0.06936297296	-7.672384333e-05	     307620.0094	     352.6933975
      1230.30303	     360.8987044	   0.06710908409	-7.203282255e-05	      318525.182	     354.9203997
     1260.606061	     362.8999581	   0.06499734736	-6.734180177e-05	       329491.99	     357.1474018
     1290.909091	     364.8393735	   0.06302776277	  -6.2650781e-05	     340518.4942	      359.374404
     1321.212121	     366.7212584	   0.06120033033	-5.795976022e-05	     351602.8861	     361.6014061
     1351.515152	     368.5499203	   0.05951505003	-5.326873944e-05	     362743.4874	     363.8284083
     1381.818182	      370.329667	   0.05797192187	-4.857771866e-05	     373938.7508	     366.0554105
     1412.121212	      372.064806	   0.05657094587	-4.388669788e-05	     385187.2591	     368.2824126
     1442.424242	      373.759645	     0.055312122	 -3.91956771e-05	     396487.7259	     370.5094148
     1472.727273	     375.4184917	   0.05419545028	-3.450465632e-05	     407838.9952	     372.7364169
     1503.030303	     377.0456536	   0.05322093071	-2.981363555e-05	     419240.0417	     374.9634191
     1533.333333	     378.6454385	   0.05238856328	-2.512261477e-05	     430689.9704	     377.1904212
     1563.636364	      380.222154	     0.051698348	-2.043159399e-05	     442188.0171	     379.4174234
     1593.939394	     381.7801076	   0.05115028486	-1.574057321e-05	     453733.5478	     381.6444256
            1600	      382.089826	   0.05105773049	-1.480236905e-05	     456048.3055	      382.089826
     1654.545455	     384.8528996	   0.05025728769	-1.454720007e-05	     476965.1237	     384.5790504
     1684.848485	     386.3691902	   0.04981861134	-1.440543952e-05	     488650.3405	     385.9619528
     1715.151515	     387.8722528	   0.04938423075	-1.426367897e-05	     500381.3047	     387.3448552
     1745.454545	     389.3622173	   0.04895414594	-1.412191842e-05	     512157.6174	     388.7277576
     1775.757576	     390.8392141	   0.04852835691	-1.398015787e-05	     523978.8838	     390.1106601
     1806.060606	     392.3033733	   0.04810686365	-1.383839732e-05	     535844.7128	     391.4935625
     1836.363636	      393.754825	   0.04768966616	-1.369663677e-05	     547754.7175	     392.8764649
     1866.666667	     395.1936994	   0.04727676445	-1.355487622e-05	     559708.5146	     394.2593673
     1896.969697	     396.6201268	   0.04686815851	-1.341311567e-05	      571705.725	     395.6422698
     1927.272727	     398.0342373	   0.04646384835	-1.327135512e-05	     583745.9736	     397.0251722
     1957.575758	      399.436161	   0.04606383396	-1.312959457e-05	     595828.8891	     398.4080746
     1987.878788	     400.8260282	   0.04566811535	-1.298783402e-05	      607954.104	      399.790977
     2018.181818	      402.203969	    0.0452766925	-1.284607347e-05	     620121.2551	     401.1738795
     2048.484848	     403.5701136	   0.04488956544	-1.270431292e-05	      632329.983	     402.5567819
     2078.787879	     404.9245921	   0.04450673415	-1.256255237e-05	     644579.9321	     403.9396843
     2109.090909	     406.2675348	   0.04412819863	-1.242079182e-05	     656870.7508	     405.3225867
     2139.393939	     407.5990718	   0.04375395888	-1.227903127e-05	     669202.0917	     406.7054892
      2169.69697	     408.9193332	   0.04338401491	-1.213727072e-05	      681573.611	     408.0883916
            2200	     410.2284494	   0.04301836672	-1.199551018e-05	      693984.969	      409.471294
      2230.30303	     411.5265504	    0.0426570143	-1.185374963e-05	       706435.83	     410.8541964
     2260.606061	     412.8137664	   0.04229995765	-1.171198908e-05	     718925.8621	     412.2370988
     2290.909091	     414.0902276	   0.04194719678	-1.157022853e-05	     731454.7375	     413.6200013
     2321.212121	     415.3560641	   0.04159873168	-1.142846798e-05	     744022.1322	     415.0029037
     2351.515152	     416.6114062	   0.04125456235	-1.128670743e-05	     756627.7263	     416.3858061
     2381.818182	      417.856384	    0.0409146888	-1.114494688e-05	     769271.2037	     417.7687085
            2400	       418.59845	   0.04071282665	-1.105989055e-05	     776875.3441	       418.59845
     2442.424242	     420.3158839	   0.04025606028	 -1.04733812e-05	     794670.5651	     420.2005388
     2472.727273	     421.5310199	   0.03994503259	-1.005444595e-05	      807425.845	      421.344888
     2503.030303	     422.7369232	   0.03964669992	-9.635510705e-06	     820217.8064	     422.4892372
     2533.333333	     423.9339784	   0.03936106225	-9.216575457e-06	     833046.1753	     423.6335863
     2563.636364	     425.1225703	   0.03908811958	-8.797640209e-06	     845910.6893	     424.7779355
     2593.939394	     426.3030836	   0.03882787193	-8.378704961e-06	     858811.0979	     425.9222847
     2624.242424	     427.4759029	   0.03858031928	-7.959769713e-06	     871747.1621	     427.0666338
     2654.545455	      428.641413	   0.03834546164	-7.540834465e-06	     884718.6546	      428.210983
     2684.848485	     429.7999985	   0.03812329901	-7.121899217e-06	     897725.3596	     429.3553322
     2715.151515	     430.9520442	   0.03791383139	-6.702963969e-06	     910767.0733	     430.4996813
     2745.454545	     432.0979347	   0.03771705877	-6.284028721e-06	     923843.6032	     431.6440305
     2775.757576	     433.2380548	   0.03753298116	-5.865093473e-06	     936954.7686	     432.7883797
     2806.060606	     434.3727891	   0.03736159856	-5.446158225e-06	     950100.4006	     433.9327288
     2836.363636	     435.5025223	   0.03720291097	-5.027222977e-06	     963280.3417	      435.077078
     2866.666667	     436.6276392	   0.03705691838	-4.608287729e-06	     976494.4462	     436.2214272
     2896.969697	     437.7485244	    0.0369236208	-4.189352481e-06	     989742.5801	     437.3657763
     2927.272727	     438.8655626	   0.03680301823	-3.770417233e-06	     1003024.621	     438.5101255
     2957.575758	     439.9791386	   0.03669511067	-3.351481984e-06	     1016340.458	     439.6544747
     2987.878788	      441.089637	   0.03659989811	-2.932546736e-06	     1029689.992	     440.7988238
     3018.181818	     442.1974425	   0.03651738056	-2.513611488e-06	     1043073.136	      441.943173
     3048.484848	     443.3029398	   0.03644755802	 -2.09467624e-06	     1056489.814	     443.0875222
     3078.787879	     444.4065136	   0.03639043049	-1.675740992e-06	     1069939.961	     444.2318713
     3109.090909	     445.5085486	   0.03634599796	-1.256805744e-06	     1083423.526	     445.3762205
     3139.393939	     446.6094296	   0.03631426044	-8.378704961e-07	     1096940.468	     446.5205697
      3169.69697	     447.7095411	   0.03629521793	-4.189352481e-07	     1110490.757	     447.6649188
            3200	      448.809268	   0.03628887043	               0	     1124074.376	      448.809268
