               x	               y	           dy/dx	         d2y/dx2	          Int(y)	         ylinear
             200	      142.907373	    0.2103939328	               0	               0	      142.907373
     230.3030303	     149.2748376	    0.2095911254	-5.298528528e-05	     4427.064623	     148.9297115
     260.6060606	     155.5936471	    0.2071827034	-0.0001059705706	     9046.468387	       154.95205
     290.9090909	     161.8151467	    0.2031686666	-0.0001589558558	      13855.9997	     160.9743885
     321.2121212	     167.8906813	    0.1975490151	-0.0002119411411	     18851.97258	     166.9967269
     351.5151515	      173.771596	    0.1903237489	-0.0002649264264	     24029.22665	     173.0190654
     381.8181818	     179.4092356	    0.1814928681	-0.0003179117117	     29381.12713	     179.0414039
             400	      182.654807	    0.1754236445	-0.0003497028829	     32672.78563	      182.654807
     442.4242424	     189.7921226	     0.161280829	-0.0003170298466	     40575.29625	     188.0011272
     472.7272727	     194.5374322	    0.1520274682	-0.0002936919635	     46399.17942	     191.8199274
      503.030303	     199.0130521	    0.1434813161	-0.0002703540804	     52362.71952	     195.6387275
     533.3333333	      203.240413	    0.1356423725	-0.0002470161974	     58458.06885	     199.4575277
     563.6363636	     207.2409455	    0.1285106374	-0.0002236783143	     64678.02911	     203.2763278
     593.9393939	       211.03608	     0.122086111	-0.0002003404312	     71016.05142	      207.095128
     624.2424242	     214.6472473	    0.1163687931	-0.0001770025482	     77466.23631	     210.9139281
     654.5454545	     218.0958777	    0.1113586838	-0.0001536646651	     84023.33371	     214.7327283
     684.8484848	     221.4034019	    0.1070557831	-0.0001303267821	     90682.74298	     218.5515284
     715.1515152	     224.5912505	     0.103460091	 -0.000106988899	     97440.51286	     222.3703286
     745.4545455	      227.680854	    0.1005716074	-8.365101593e-05	     104293.3415	     226.1891287
     775.7575758	     230.6936429	   0.09839033243	-6.031313286e-05	     111238.5766	     230.0079289
             800	      233.062969	   0.09715450262	-4.164282641e-05	     116859.9294	      233.062969
     836.3636364	     236.5685986	   0.09566257723	-4.041307001e-05	     125398.8496	     236.1213202
     866.6666667	     239.4490663	   0.09445346597	-3.938827301e-05	     132611.3309	     238.6699462
      896.969697	     242.2933647	   0.09327540917	-3.836347601e-05	     139910.5488	     241.2185722
     927.2727273	      245.102435	   0.09212840682	-3.733867901e-05	     147295.4215	     243.7671981
     957.5757576	     247.8772182	   0.09101245893	-3.631388201e-05	     154764.8955	     246.3158241
     987.8787879	     250.6186553	   0.08992756549	-3.528908501e-05	     162317.9463	     248.8644501
     1018.181818	     253.3276874	    0.0888737265	  -3.4264288e-05	     169953.5776	     251.4130761
     1048.484848	     256.0052555	   0.08785094197	  -3.3239491e-05	     177670.8217	     253.9617021
     1078.787879	     258.6523006	    0.0868592119	  -3.2214694e-05	     185468.7393	     256.5103281
     1109.090909	     261.2697638	   0.08589853628	  -3.1189897e-05	     193346.4199	      259.058954
     1139.393939	     263.8585862	   0.08496891511	    -3.01651e-05	     201302.9812	       261.60758
      1169.69697	     266.4197087	    0.0840703484	  -2.9140303e-05	     209337.5696	      264.156206
            1200	     268.9540725	   0.08320283614	  -2.8115506e-05	     217449.3599	      266.704832
      1230.30303	     271.4626185	   0.08236637834	  -2.7090709e-05	     225637.5556	      269.253458
     1260.606061	     273.9462879	   0.08156097499	  -2.6065912e-05	     233901.3885	      271.802084
     1290.909091	     276.4060216	   0.08078662609	-2.504111499e-05	     242240.1191	       274.35071
     1321.212121	     278.8427607	   0.08004333165	-2.401631799e-05	     250653.0364	     276.8993359
     1351.515152	     281.2574463	   0.07933109167	-2.299152099e-05	     259139.4576	     279.4479619
     1381.818182	     283.6510193	   0.07864990614	-2.196672399e-05	     267698.7289	     281.9965879
     1412.121212	     286.0244209	   0.07799977506	-2.094192699e-05	     276330.2248	     284.5452139
     1442.424242	     288.3785921	   0.07738069844	-1.991712999e-05	     285033.3481	     287.0938399
     1472.727273	     290.7144739	   0.07679267628	-1.889233299e-05	     293807.5304	     289.6424659
     1503.030303	     293.0330074	   0.07623570857	-1.786753599e-05	     302652.2319	     292.1910918
     1533.333333	     295.3351336	   0.07570979531	-1.684273899e-05	     311566.9409	     294.7397178
     1563.636364	     297.6217935	   0.07521493651	-1.581794199e-05	     320551.1747	     297.2883438
     1593.939394	     299.8939283	   0.07475113216	-1.479314498e-05	     329604.4787	     299.8369698
            1600	      300.346695	   0.07466209782	-1.458818558e-05	     331423.3899	      300.346695
     1654.545455	     304.3979648	    0.0738935054	-1.359353657e-05	     347916.6166	     304.2069813
     1684.848485	     306.6310053	   0.07348995252	-1.304095378e-05	     357174.6622	     306.3515848
     1715.151515	     308.8520705	   0.07310314457	-1.248837099e-05	      366500.193	     308.4961882
     1745.454545	      311.061668	   0.07273308155	-1.193578821e-05	     375892.8537	     310.6407917
     1775.757576	     313.2603052	   0.07237976346	-1.138320542e-05	     385352.3046	     312.7853952
     1806.060606	     315.4484895	   0.07204319031	-1.083062263e-05	     394878.2211	     314.9299987
     1836.363636	     317.6267283	   0.07172336209	-1.027803984e-05	     404470.2944	     317.0746022
     1866.666667	      319.795529	    0.0714202788	-9.725457056e-06	     414128.2306	     319.2192057
     1896.969697	     321.9553992	   0.07113394045	-9.172874269e-06	     423851.7514	     321.3638092
     1927.272727	     324.1068461	   0.07086434703	-8.620291482e-06	     433640.5939	     323.5084126
     1957.575758	     326.2503772	   0.07061149854	-8.067708695e-06	     443494.5106	     325.6530161
     1987.878788	        328.3865	   0.07037539499	-7.515125907e-06	     453413.2692	     327.7976196
     2018.181818	     330.5157218	   0.07015603637	 -6.96254312e-06	      463396.653	     329.9422231
     2048.484848	     332.6385501	   0.06995342268	-6.409960333e-06	     473444.4605	     332.0868266
     2078.787879	     334.7554923	   0.06976755392	-5.857377545e-06	     483556.5057	     334.2314301
     2109.090909	     336.8670559	    0.0695984301	-5.304794758e-06	     493732.6178	     336.3760335
     2139.393939	     338.9737482	   0.06944605121	-4.752211971e-06	     503972.6417	      338.520637
      2169.69697	     341.0760766	   0.06931041725	-4.199629183e-06	     514276.4373	     340.6652405
            2200	     343.1745486	   0.06919152823	-3.647046396e-06	     524643.8801	      342.809844
      2230.30303	     345.2696717	   0.06908938414	-3.094463609e-06	     535074.8609	     344.9544475
     2260.606061	     347.3619532	   0.06900398498	-2.541880822e-06	      545569.286	      347.099051
     2290.909091	     349.4519005	   0.06893533075	-1.989298034e-06	     556127.0769	     349.2436545
     2321.212121	     351.5400212	   0.06888342146	-1.436715247e-06	     566748.1706	     351.3882579
     2351.515152	     353.6268225	    0.0688482571	-8.841324597e-07	     577432.5195	     353.5328614
     2381.818182	     355.7128119	   0.06882983768	-3.315496724e-07	     588180.0911	     355.6774649
            2400	      356.964227	   0.06882682359	               0	     594658.9733	      356.964227
     2442.424242	     359.8843849	   0.06884323362	 7.736159022e-07	     609864.8505	     359.9666719
     2472.727273	     361.9709833	     0.068875049	  1.32619869e-06	     620802.0506	     362.1112754
     2503.030303	     364.0587994	    0.0689236093	 1.878781477e-06	     631802.4982	     364.2558788
     2533.333333	     366.1483409	   0.06898891454	 2.431364264e-06	     642866.2377	     366.4004823
     2563.636364	     368.2401149	   0.06907096471	 2.983947051e-06	     653993.3293	     368.5450858
     2593.939394	     370.3346291	   0.06916975982	 3.536529839e-06	     665183.8481	     370.6896893
     2624.242424	     372.4323907	   0.06928529985	 4.089112626e-06	      676437.885	     372.8342928
     2654.545455	     374.5339073	   0.06941758482	 4.641695413e-06	     687755.5461	     374.9788963
     2684.848485	     376.6396862	   0.06956661473	 5.194278201e-06	     699136.9528	     377.1234998
     2715.151515	     378.7502349	   0.06973238956	 5.746860988e-06	     710582.2419	     379.2681032
     2745.454545	     380.8660608	   0.06991490933	 6.299443775e-06	     722091.5658	     381.4127067
     2775.757576	     382.9876713	   0.07011417403	 6.852026563e-06	     733665.0919	     383.5573102
     2806.060606	     385.1155738	   0.07033018367	  7.40460935e-06	     745303.0033	     385.7019137
     2836.363636	     387.2502758	   0.07056293824	 7.957192137e-06	     757005.4984	     387.8465172
     2866.666667	     389.3922847	   0.07081243774	 8.509774924e-06	     768772.7908	     389.9911207
     2896.969697	     391.5421078	   0.07107868217	 9.062357712e-06	     780605.1097	     392.1357242
     2927.272727	     393.7002527	   0.07136167154	 9.614940499e-06	     792502.6996	     394.2803276
     2957.575758	     395.8672268	   0.07166140584	 1.016752329e-05	     804465.8203	     396.4249311
     2987.878788	     398.0435374	   0.07197788507	 1.072010607e-05	     816494.7471	     398.5695346
     3018.181818	      400.229692	   0.07231110924	 1.127268886e-05	     828589.7705	     400.7141381
     3048.484848	      402.426198	   0.07266107834	 1.182527165e-05	     840751.1966	     402.8587416
     3078.787879	     404.6335628	   0.07302779237	 1.237785444e-05	     852979.3467	     405.0033451
     3109.090909	     406.8522939	   0.07341125133	 1.293043722e-05	     865274.5576	     407.1479485
     3139.393939	     409.0828987	   0.07381145523	 1.348302001e-05	     877637.1814	      409.292552
      3169.69697	     411.3258846	   0.07422840406	  1.40356028e-05	     890067.5856	     411.4371555
            3200	      413.581759	   0.07466209782	 1.458818558e-05	     902566.1531	      413.581759
