x fx fpx
-30  -90  3
-29.88  -88.3717  23.8614
-29.76  -84.2547  43.7374
-29.64  -77.7306  62.5264
-29.52  -68.8938  80.1346
-29.4  -57.8508  96.477
-29.28  -44.7191  111.477
-29.16  -29.6267  125.068
-29.04  -12.7106  137.191
-28.92  5.88334  147.8
-28.8  26.0021  156.854
-28.68  47.4863  164.327
-28.56  70.1709  170.2
-28.44  93.8869  174.465
-28.32  118.462  177.122
-28.2  143.722  178.183
-28.08  169.49  177.668
-27.96  195.592  175.608
-27.84  221.853  172.04
-27.72  248.1  167.011
-27.6  274.164  160.578
-27.48  299.88  152.803
-27.36  325.086  143.756
-27.24  349.629  133.513
-27.12  373.359  122.158
-27  396.137  109.778
-26.88  417.829  96.4672
-26.76  438.312  82.3222
-26.64  457.471  67.4438
-26.52  475.202  51.9358
-26.4  491.41  35.9041
-26.28  506.011  19.456
-26.16  518.934  2.69969
-26.04  530.116  -14.2564
-25.92  539.508  -31.3044
-25.8  547.072  -48.3376
-25.68  552.782  -65.2511
-25.56  556.621  -81.9425
-25.44  558.586  -98.3123
-25.32  558.685  -114.265
-25.2  556.936  -129.708
-25.08  553.369  -144.554
-24.96  548.023  -158.722
-24.84  540.948  -172.135
-24.72  532.202  -184.722
-24.6  521.854  -196.418
-24.48  509.979  -207.167
-24.36  496.662  -216.916
-24.24  481.993  -225.621
-24.12  466.071  -233.246
-24  448.997  -239.76
-23.88  430.88  -245.141
-23.76  411.833  -249.375
-23.64  391.971  -252.452
-23.52  371.413  -254.374
-23.4  350.279  -255.146
-23.28  328.69  -254.782
-23.16  306.769  -253.302
-23.04  284.638  -250.734
-22.92  262.417  -247.11
-22.8  240.224  -242.47
-22.68  218.177  -236.858
-22.56  196.388  -230.324
-22.44  174.967  -222.924
-22.32  154.02  -214.716
-22.2  133.645  -205.763
-22.08  113.94  -196.131
-21.96  94.9911  -185.892
-21.84  76.8825  -175.116
-21.72  59.6899  -163.879
-21.6  43.4823  -152.255
-21.48  28.3214  -140.321
-21.36  14.2613  -128.155
-21.24  1.34855  -115.834
-21.12  -10.3782  -103.435
-21  -20.8882  -91.0341
-20.88  -30.1587  -78.705
-20.76  -38.1747  -66.5208
-20.64  -44.929  -54.5518
-20.52  -50.4223  -42.8658
-20.4  -54.6628  -31.5273
-20.28  -57.6658  -20.5976
-20.16  -59.454  -10.1342
-20.04  -60.0566  -0.190468
-19.92  -59.5094  9.18444
-19.8  -57.8543  17.9459
-19.68  -55.1389  26.0541
-19.56  -51.416  33.4742
-19.44  -46.7433  40.1761
-19.32  -41.183  46.1351
-19.2  -34.8008  51.3317
-19.08  -27.6663  55.7515
-18.96  -19.8517  59.3854
-18.84  -11.4315  62.2295
-18.72  -2.48218  64.2849
-18.6  6.9184  65.5578
-18.48  16.6917  66.0592
-18.36  26.7587  65.805
-18.24  37.0408  64.8152
-18.12  47.4599  63.1146
-18  57.9392  60.7316
-17.88  68.4035  57.6987
-17.76  78.7795  54.0517
-17.64  88.9965  49.8297
-17.52  98.9866  45.0746
-17.4  108.685  39.8311
-17.28  118.031  34.1458
-17.16  126.967  28.0672
-17.04  135.44  21.6456
-16.92  143.401  14.932
-16.8  150.806  7.97863
-16.68  157.615  0.837859
-16.56  163.794  -6.43775
-16.44  169.312  -13.7959
-16.32  174.146  -21.185
-16.2  178.275  -28.5543
-16.08  181.685  -35.8542
-15.96  184.367  -43.0369
-15.84  186.314  -50.0563
-15.72  187.529  -56.8684
-15.6  188.015  -63.4316
-15.48  187.782  -69.7068
-15.36  186.845  -75.6577
-15.24  185.22  -81.2511
-15.12  182.93  -86.4567
-15  180  -91.2478
-14.88  176.46  -95.6007
-14.76  172.341  -99.4953
-14.64  167.68  -102.915
-14.52  162.512  -105.847
-14.4  156.879  -108.282
-14.28  150.822  -110.214
-14.16  144.384  -111.64
-14.04  137.609  -112.562
-13.92  130.543  -112.984
-13.8  123.232  -112.913
-13.68  115.723  -112.361
-13.56  108.061  -111.341
-13.44  100.292  -109.87
-13.32  92.4616  -107.968
-13.2  84.6139  -105.655
-13.08  76.7918  -102.956
-12.96  69.0369  -99.8976
-12.84  61.3891  -96.5067
-12.72  53.8863  -92.8129
-12.6  46.5643  -88.8471
-12.48  39.4566  -84.641
-12.36  32.5943  -80.2272
-12.24  26.0058  -75.6391
-12.12  19.717  -70.9102
-12  13.7508  -66.0742
-11.88  8.12725  -61.1647
-11.76  2.86364  -56.2147
-11.64  -2.0258  -51.2569
-11.52  -6.52975  -46.3231
-11.4  -10.6398  -41.444
-11.28  -14.3505  -36.6491
-11.16  -17.659  -31.9665
-11.04  -20.5656  -27.4229
-10.92  -23.0729  -23.043
-10.8  -25.1862  -18.85
-10.68  -26.9132  -14.8648
-10.56  -28.264  -11.1064
-10.44  -29.2506  -7.59167
-10.32  -29.8873  -4.33516
-10.2  -30.1898  -1.34921
-10.08  -30.1758  1.35617
-9.96  -29.8643  3.7733
-9.84  -29.2756  5.89679
-9.72  -28.4308  7.72356
-9.6  -27.3523  9.25279
-9.48  -26.0629  10.4859
-9.36  -24.5858  11.4263
-9.24  -22.9447  12.0797
-9.12  -21.1633  12.4536
-9  -19.2652  12.5574
-8.88  -17.2738  12.4022
-8.76  -15.212  12.0007
-8.64  -13.1021  11.3672
-8.52  -10.9659  10.5171
-8.4  -8.82397  9.46704
-8.28  -6.69615  8.23476
-8.16  -4.60108  6.83873
-8.04  -2.55619  5.29811
-7.92  -0.577624  3.63258
-7.8  1.31986  1.86215
-7.68  3.12293  0.00698901
-7.56  4.81974  -1.91271
-7.44  6.39994  -3.87691
-7.32  7.85476  -5.86589
-7.2  9.17692  -7.86039
-7.08  10.3607  -9.84172
-6.96  11.402  -11.792
-6.84  12.2979  -13.694
-6.72  13.0473  -15.5318
-6.6  13.6503  -17.2902
-6.48  14.1083  -18.9554
-6.36  14.4241  -20.5147
-6.24  14.6015  -21.9569
-6.12  14.6456  -23.272
-6  14.5623  -24.4515
-5.88  14.3585  -25.4882
-5.76  14.0419  -26.3767
-5.64  13.6209  -27.1127
-5.52  13.1044  -27.6935
-5.4  12.5019  -28.118
-5.28  11.8232  -28.3863
-5.16  11.0784  -28.4999
-5.04  10.2776  -28.4617
-4.92  9.43111  -28.2758
-4.8  8.54916  -27.9476
-4.68  7.64179  -27.4833
-4.56  6.71881  -26.8904
-4.44  5.78971  -26.1772
-4.32  4.86358  -25.3528
-4.2  3.94902  -24.4271
-4.08  3.05411  -23.4103
-3.96  2.18632  -22.3135
-3.84  1.35247  -21.1478
-3.72  0.558726  -19.9248
-3.6  -0.189493  -18.656
-3.48  -0.887482  -17.353
-3.36  -1.53129  -16.0275
-3.24  -2.11773  -14.6906
-3.12  -2.64434  -13.3533
-3  -3.10942  -12.0262
-2.88  -3.51199  -10.7194
-2.76  -3.85175  -9.44227
-2.64  -4.12906  -8.20352
-2.52  -4.3449  -7.01118
-2.4  -4.50084  -5.87238
-2.28  -4.59894  -4.79341
-2.16  -4.64177  -3.77962
-2.04  -4.63227  -2.83538
-1.92  -4.57374  -1.96409
-1.8  -4.46976  -1.16814
-1.68  -4.32414  -0.448899
-1.56  -4.14081  0.193276
-1.44  -3.9238  0.759017
-1.32  -3.67715  1.24993
-1.2  -3.40486  1.66855
-1.08  -3.1108  2.01833
-0.96  -2.79868  2.30355
-0.84  -2.47199  2.52926
-0.72  -2.13393  2.70127
-0.6  -1.78736  2.826
-0.48  -1.4348  2.91044
-0.36  -1.07835  2.96206
-0.24  -0.719673  2.98873
-0.12  -0.35998  2.99859
0  0  3
0.12  0.36002  3.00141
0.24  0.720327  3.01127
0.36  1.08165  3.03794
0.48  1.4452  3.08956
0.6  1.81264  3.174
0.72  2.18607  3.29873
0.84  2.56801  3.47074
0.96  2.96132  3.69645
1.08  3.3692  3.98167
1.2  3.79514  4.33145
1.32  4.24285  4.75007
1.44  4.7162  5.24098
1.56  5.21919  5.80672
1.68  5.75586  6.4489
1.8  6.33024  7.16814
1.92  6.94626  7.96409
2.04  7.60773  8.83538
2.16  8.31823  9.77962
2.28  9.08106  10.7934
2.4  9.89916  11.8724
2.52  10.7751  13.0112
2.64  11.7109  14.2035
2.76  12.7083  15.4423
2.88  13.768  16.7194
3  14.8906  18.0262
3.12  16.0757  19.3533
3.24  17.3223  20.6906
3.36  18.6287  22.0275
3.48  19.9925  23.353
3.6  21.4105  24.656
3.72  22.8787  25.9248
3.84  24.3925  27.1478
3.96  25.9463  28.3135
4.08  27.5341  29.4103
4.2  29.149  30.4271
4.32  30.7836  31.3528
4.44  32.4297  32.1772
4.56  34.0788  32.8904
4.68  35.7218  33.4833
4.8  37.3492  33.9476
4.92  38.9511  34.2758
5.04  40.5176  34.4617
5.16  42.0384  34.4999
5.28  43.5032  34.3863
5.4  44.9019  34.118
5.52  46.2244  33.6935
5.64  47.4609  33.1127
5.76  48.6019  32.3767
5.88  49.6385  31.4882
6  50.5623  30.4515
6.12  51.3656  29.272
6.24  52.0415  27.9569
6.36  52.5841  26.5147
6.48  52.9883  24.9554
6.6  53.2503  23.2902
6.72  53.3673  21.5318
6.84  53.3379  19.694
6.96  53.162  17.792
7.08  52.8407  15.8417
7.2  52.3769  13.8604
7.32  51.7748  11.8659
7.44  51.0399  9.87691
7.56  50.1797  7.91271
7.68  49.2029  5.99301
7.8  48.1199  4.13785
7.92  46.9424  2.36742
8.04  45.6838  0.701891
8.16  44.3589  -0.838727
8.28  42.9838  -2.23476
8.4  41.576  -3.46704
8.52  40.1541  -4.51707
8.64  38.7379  -5.36718
8.76  37.348  -6.00073
8.88  36.0062  -6.40219
9  34.7348  -6.5574
9.12  33.5567  -6.45361
9.24  32.4953  -6.07972
9.36  31.5742  -5.42631
9.48  30.8171  -4.48587
9.6  30.2477  -3.25279
9.72  29.8892  -1.72356
9.84  29.7644  0.103212
9.96  29.8957  2.2267
10.08  30.3042  4.64383
10.2  31.0102  7.34921
10.32  32.0327  10.3352
10.44  33.3894  13.5917
10.56  35.096  17.1064
10.68  37.1668  20.8648
10.8  39.6138  24.85
10.92  42.4471  29.043
11.04  45.6744  33.4229
11.16  49.301  37.9665
11.28  53.3295  42.6491
11.4  57.7602  47.444
11.52  62.5902  52.3231
11.64  67.8142  57.2569
11.76  73.4236  62.2147
11.88  79.4073  67.1647
12  85.7508  72.0742
12.12  92.437  76.9102
12.24  99.4458  81.6391
12.36  106.754  86.2272
12.48  114.337  90.641
12.6  122.164  94.8471
12.72  130.206  98.8129
12.84  138.429  102.507
12.96  146.797  105.898
13.08  155.272  108.956
13.2  163.814  111.655
13.32  172.382  113.968
13.44  180.932  115.87
13.56  189.421  117.341
13.68  197.803  118.361
13.8  206.032  118.913
13.92  214.063  118.984
14.04  221.849  118.562
14.16  229.344  117.64
14.28  236.502  116.214
14.4  243.279  114.282
14.52  249.632  111.847
14.64  255.52  108.915
14.76  260.901  105.495
14.88  265.74  101.601
15  270  97.2478
15.12  273.65  92.4567
15.24  276.66  87.2511
15.36  279.005  81.6577
15.48  280.662  75.7068
15.6  281.615  69.4316
15.72  281.849  62.8684
15.84  281.354  56.0563
15.96  280.127  49.0369
16.08  278.165  41.8542
16.2  275.475  34.5543
16.32  272.066  27.185
16.44  267.952  19.7959
16.56  263.154  12.4378
16.68  257.695  5.16214
16.8  251.606  -1.97863
16.92  244.921  -8.93201
17.04  237.68  -15.6456
17.16  229.927  -22.0672
17.28  221.711  -28.1458
17.4  213.085  -33.8311
17.52  204.107  -39.0746
17.64  194.836  -43.8297
17.76  185.339  -48.0517
17.88  175.683  -51.6987
18  165.939  -54.7316
18.12  156.18  -57.1146
18.24  146.481  -58.8152
18.36  136.919  -59.805
18.48  127.572  -60.0592
18.6  118.518  -59.5578
18.72  109.838  -58.2849
18.84  101.609  -56.2295
18.96  93.9083  -53.3854
19.08  86.8137  -49.7515
19.2  80.3992  -45.3317
19.32  74.737  -40.1351
19.44  69.8967  -34.1761
19.56  65.944  -27.4742
19.68  62.9411  -20.0541
19.8  60.9457  -11.9459
19.92  60.0106  -3.18444
20.04  60.1834  6.19047
20.16  61.506  16.1342
20.28  64.0142  26.5976
20.4  67.7372  37.5273
20.52  72.6977  48.8658
20.64  78.911  60.5518
20.76  86.3853  72.5208
20.88  95.1213  84.705
21  105.112  97.0341
21.12  116.342  109.435
21.24  128.789  121.834
21.36  142.421  134.155
21.48  157.201  146.321
21.6  173.082  158.255
21.72  190.01  169.879
21.84  207.923  181.116
21.96  226.751  191.892
22.08  246.42  202.131
22.2  266.845  211.763
22.32  287.94  220.716
22.44  309.607  228.924
22.56  331.748  236.324
22.68  354.257  242.858
22.8  377.024  248.47
22.92  399.937  253.11
23.04  422.878  256.734
23.16  445.729  259.302
23.28  468.37  260.782
23.4  490.679  261.146
23.52  512.533  260.374
23.64  533.811  258.452
23.76  554.393  255.375
23.88  574.16  251.141
24  592.997  245.76
24.12  610.791  239.246
24.24  627.433  231.621
24.36  642.822  222.916
24.48  656.859  213.167
24.6  669.454  202.418
24.72  680.522  190.722
24.84  689.988  178.135
24.96  697.783  164.722
25.08  703.849  150.554
25.2  708.136  135.708
25.32  710.605  120.265
25.44  711.226  104.312
25.56  709.981  87.9425
25.68  706.862  71.2511
25.8  701.872  54.3376
25.92  695.028  37.3044
26.04  686.356  20.2564
26.16  675.894  3.30031
26.28  663.691  -13.456
26.4  649.81  -29.9041
26.52  634.322  -45.9358
26.64  617.311  -61.4438
26.76  598.872  -76.3222
26.88  579.109  -90.4672
27  558.137  -103.778
27.12  536.079  -116.158
27.24  513.069  -127.513
27.36  489.246  -137.756
27.48  464.76  -146.803
27.6  439.764  -154.578
27.72  414.42  -161.011
27.84  388.893  -166.04
27.96  363.352  -169.608
28.08  337.97  -171.668
28.2  312.922  -172.183
28.32  288.382  -171.122
28.44  264.527  -168.465
28.56  241.531  -164.2
28.68  219.566  -158.327
28.8  198.802  -150.854
28.92  179.403  -141.8
29.04  161.529  -131.191
29.16  145.333  -119.068
29.28  130.961  -105.477
29.4  118.549  -90.477
29.52  108.226  -74.1346
29.64  100.109  -56.5264
29.76  94.3053  -37.7374
29.88  90.9083  -17.8614
30  90  3
30.12	91.6487433	0
30.24	95.90874914	0
30.36	102.8196677	0
30.48	112.406105	0
30.6	124.6772448	0
30.72	139.6265575	0
30.84	157.2316	0
30.96	177.4539084	0
31.08	200.2389865	0
31.2	225.5163897	0
31.32	253.1999072	0
31.44	283.187842	0
31.56	315.3633875	0
31.68	349.5951015	0
31.8	385.7374746	0
31.92	423.631592	0
32.04	463.1058849	0
32.16	503.9769696	0
32.28	546.0505688	0
32.4	589.1225121	0
32.52	632.9798103	0
32.64	677.4017971	0
32.76	722.1613341	0
32.88	767.0260706	0
33	811.7597534	0
33.12	856.1235771	0
33.24	899.8775697	0
33.36	942.7820035	0
33.48	984.598825	0
33.6	1025.093094	0
33.72	1064.034422	0
33.84	1101.19841	0
33.96	1136.368059	0
34.08	1169.335164	0
34.2	1199.901673	0
34.32	1227.881001	0
34.44	1253.099298	0
34.56	1275.396647	0
34.68	1294.628212	0
34.8	1310.665294	0
34.92	1323.396318	0
35.04	1332.727724	0
35.16	1338.584759	0
35.28	1340.91218	0
35.4	1339.674837	0
35.52	1334.858149	0
35.64	1326.468463	0
35.76	1314.533298	0
35.88	1299.101455	0
36	1280.243012	0
36.12	1258.049188	0
36.24	1232.632079	0
36.36	1204.124268	0
36.48	1172.678306	0
36.6	1138.466071	0
36.72	1101.678	0
36.84	1062.522206	0
36.96	1021.223472	0
37.08	978.0221366	0
37.2	933.1728792	0
37.32	886.9433933	0
