               x	               y	           dy/dx	         d2y/dx2	          Int(y)
               0	               1	     1.465997614	               0	               0
           0.015	     1.021990816	     1.466167906	   0.02270557929	   0.01516492792
            0.03	      1.04398674	     1.466678782	   0.04541115857	   0.03065975001
           0.045	     1.065992882	     1.467530241	   0.06811673786	   0.04648458122
            0.06	      1.08801435	     1.468722284	   0.09082231714	   0.06263961311
           0.075	     1.110056253	      1.47025491	    0.1135278964	    0.0791251139
            0.09	       1.1321237	     1.472128121	    0.1362334757	   0.09594142843
           0.105	       1.1542218	     1.474341915	     0.158939055	    0.1130889782
            0.12	     1.176355661	     1.476896292	    0.1816446343	    0.1305682612
           0.135	     1.198530392	     1.479791254	    0.2043502136	    0.1483798523
            0.15	     1.220751101	     1.483026799	    0.2270557929	    0.1665244029
           0.165	     1.243022899	     1.486602927	    0.2497613721	    0.1850026408
            0.18	     1.265350892	      1.49051964	    0.2724669514	    0.2038153708
           0.195	     1.287740191	     1.494776936	    0.2951725307	    0.2229634741
            0.21	     1.310195903	     1.499374816	      0.31787811	    0.2424479086
           0.225	     1.332723138	     1.504313279	    0.3405836893	    0.2622697088
            0.24	     1.355327004	     1.509592326	    0.3632892686	    0.2824299859
           0.255	     1.378012611	     1.515211957	    0.3859948479	    0.3029299277
            0.27	     1.400785066	     1.521172172	    0.4087004271	    0.3237707985
           0.285	     1.423649479	      1.52747297	    0.4314060064	    0.3449539394
             0.3	     1.446610958	     1.534114352	    0.4541115857	    0.3664807682
           0.315	     1.469674612	     1.541096318	     0.476817165	     0.388352779
            0.33	      1.49284555	     1.548418867	    0.4995227443	     0.410571543
           0.345	     1.516128881	        1.556082	    0.5222283236	    0.4331387075
            0.36	     1.539529713	     1.564085717	    0.5449339029	    0.4560559969
           0.375	     1.563053156	     1.572430017	    0.5676394821	     0.479325212
            0.39	     1.586704317	     1.581114901	    0.5903450614	    0.5029482302
           0.405	     1.610488306	     1.590140369	    0.6130506407	    0.5269270056
            0.42	     1.634410231	      1.59950642	      0.63575622	     0.551263569
           0.435	     1.658475201	     1.609213056	    0.6584617993	    0.5759600278
            0.45	     1.682688325	     1.619260274	    0.6811673786	    0.6010185658
           0.465	     1.707054712	     1.629648077	    0.7038729579	    0.6264414438
            0.48	     1.731579471	     1.640376463	    0.7265785371	    0.6522309991
           0.495	     1.756267709	     1.651445433	    0.7492841164	    0.6783896454
            0.51	     1.781124537	     1.662854987	    0.7719896957	    0.7049198733
           0.525	     1.806155062	     1.674605124	     0.794695275	    0.7318242499
            0.54	     1.831364393	     1.686695845	    0.8174008543	    0.7591054192
           0.555	      1.85675764	     1.699127149	    0.8401064336	    0.7867661013
            0.57	     1.882339911	     1.711899038	    0.8628120129	    0.8148090935
           0.585	     1.908116314	      1.72501151	    0.8855175921	    0.8432372693
             0.6	     1.934091959	     1.738464566	    0.9082231714	    0.8720535791
           0.615	     1.960271954	     1.752258205	    0.9309287507	    0.9012610498
            0.63	     1.986661408	     1.766392428	      0.95363433	     0.930862785
           0.645	      2.01326543	     1.780867235	    0.9763399093	    0.9608619649
            0.66	     2.040089128	     1.795682625	    0.9990454886	    0.9912618463
           0.675	     2.067137611	       1.8108386	     1.021751068	     1.022065763
            0.69	     2.094415989	     1.826335157	     1.044456647	     1.053277124
           0.705	     2.121929369	     1.842172299	     1.067162226	     1.084899417
            0.72	     2.149682861	     1.858350024	     1.089867806	     1.116936206
           0.735	     2.177681573	     1.874868333	     1.112573385	     1.149391129
            0.75	     2.205930614	     1.891727226	     1.135278964	     1.182267905
           0.765	     2.234435092	     1.908926702	     1.157984544	     1.215570325
            0.78	     2.263200118	     1.926466762	     1.180690123	      1.24930226
           0.795	     2.292230798	     1.944347406	     1.203395702	     1.283467657
            0.81	     2.321532243	     1.962568633	     1.226101281	     1.318070538
           0.825	      2.35110956	     1.981130444	     1.248806861	     1.353115003
            0.84	     2.380967859	     2.000032839	      1.27151244	     1.388605229
           0.855	     2.411112248	     2.019275817	     1.294218019	     1.424545469
            0.87	     2.441547836	      2.03885938	     1.316923599	     1.460940053
           0.885	     2.472279732	     2.058783525	     1.339629178	     1.497793386
             0.9	     2.503313045	     2.079048255	     1.362334757	     1.535109952
           0.915	     2.534652883	     2.099653568	     1.385040336	      1.57289431
            0.93	     2.566304355	     2.120599465	     1.407745916	     1.611151097
           0.945	      2.59827257	     2.141885946	     1.430451495	     1.649885024
            0.96	     2.630562636	      2.16351301	     1.453157074	     1.689100883
           0.975	     2.663179663	     2.185480658	     1.475862654	     1.728803538
            0.99	     2.696128759	     2.207788889	     1.498568233	     1.768997933
               1	     2.718281828	     2.222850257	     1.513705286	     1.796069861
            1.02	     2.763055103	     2.255153648	      1.71663385	     1.850882153
           1.035	     2.797081237	     2.282044629	     1.868830274	     1.892582672
            1.05	     2.831527857	     2.311218557	     2.021026697	     1.934796693
           1.065	     2.866429208	      2.34267543	      2.17322312	     1.977530781
            1.08	     2.901819534	      2.37641525	     2.325419544	     2.020792014
           1.095	      2.93773308	     2.412438017	     2.477615967	     2.064587983
            1.11	      2.97420409	     2.450743729	      2.62981239	     2.108926794
           1.125	     3.011266807	     2.491332388	     2.782008814	     2.153817064
            1.14	     3.048955476	     2.534203994	     2.934205237	     2.199267928
           1.155	     3.087304341	     2.579358545	      3.08640166	      2.24528903
            1.17	     3.126347647	     2.626796043	     3.238598084	      2.29189053
           1.185	     3.166119637	     2.676516488	     3.390794507	     2.339083102
             1.2	     3.206654557	     2.728519879	      3.54299093	     2.386877934
           1.215	     3.247986649	     2.782806216	     3.695187354	     2.435286725
            1.23	     3.290150158	     2.839375499	     3.847383777	      2.48432169
           1.245	     3.333179328	     2.898227729	       3.9995802	     2.533995558
            1.26	     3.377108404	     2.959362905	     4.151776624	      2.58432157
           1.275	      3.42197163	     3.022781028	     4.303973047	     2.635313481
            1.29	      3.46780325	     3.088482097	     4.456169471	     2.686985561
           1.305	     3.514637508	     3.156466112	     4.608365894	     2.739352592
            1.32	     3.562508648	     3.226733073	     4.760562317	      2.79242987
           1.335	     3.611450915	     3.299282981	     4.912758741	     2.846233207
            1.35	     3.661498552	     3.374115836	     5.064955164	     2.900778924
           1.365	     3.712685805	     3.451231636	     5.217151587	     2.956083861
            1.38	     3.765046916	     3.530630383	     5.369348011	     3.012165368
           1.395	     3.818616131	     3.612312077	     5.521544434	     3.069041309
            1.41	     3.873427693	     3.696276716	     5.673740857	     3.126730064
           1.425	     3.929515847	     3.782524302	     5.825937281	     3.185250523
            1.44	     3.986914837	     3.871054835	     5.978133704	     3.244622093
           1.455	     4.045658907	     3.961868314	     6.130330127	     3.304864693
            1.47	     4.105782301	     4.054964739	     6.282526551	     3.365998757
           1.485	     4.167319264	      4.15034411	     6.434722974	      3.42804523
             1.5	     4.230304039	     4.248006428	     6.586919397	     3.491025574
           1.515	     4.294770871	     4.347951692	     6.739115821	     3.554961762
            1.53	     4.360754005	     4.450179902	     6.891312244	     3.619876282
           1.545	     4.428287683	     4.554691059	     7.043508668	     3.685792135
            1.56	     4.497406151	     4.661485162	     7.195705091	     3.752732836
           1.575	     4.568143653	     4.770562212	     7.347901514	     3.820722414
            1.59	     4.640534432	     4.881922208	     7.500097938	     3.889785412
           1.605	     4.714612734	      4.99556515	     7.652294361	     3.959946885
            1.62	     4.790412801	     5.111491039	     7.804490784	     4.031232403
           1.635	     4.867968879	     5.229699874	     7.956687208	     4.103668049
            1.65	     4.947315212	     5.350191655	     8.108883631	     4.177280421
           1.665	     5.028486044	     5.472966383	     8.261080054	     4.252096628
            1.68	     5.111515618	     5.598024057	     8.413276478	     4.328144296
           1.695	      5.19643818	     5.725364677	     8.565472901	     4.405451561
            1.71	     5.283287974	     5.854988244	     8.717669324	     4.484047077
           1.725	     5.372099242	     5.986894757	     8.869865748	     4.563960008
            1.74	     5.462906231	     6.121084216	     9.022062171	     4.645220033
           1.755	     5.555743184	     6.257556622	     9.174258594	     4.727857345
            1.77	     5.650644344	     6.396311974	     9.326455018	      4.81190265
           1.785	     5.747643958	     6.537350272	     9.478651441	     4.897387167
             1.8	     5.846776267	     6.680671517	     9.630847865	     4.984342632
           1.815	     5.948075518	     6.826275708	     9.783044288	      5.07280129
            1.83	     6.051575953	     6.974162846	     9.935240711	     5.162795903
           1.845	     6.157311818	      7.12433293	     10.08743713	     5.254359746
            1.86	     6.265317356	      7.27678596	     10.23963356	     5.347526606
           1.875	     6.375626811	     7.431521936	     10.39182998	     5.442330786
            1.89	     6.488274429	     7.588540859	      10.5440264	     5.538807101
           1.905	     6.603294452	     7.747842728	     10.69622283	     5.636990881
            1.92	     6.720721125	     7.909427544	     10.84841925	     5.736917968
           1.935	     6.840588693	     8.073295306	     11.00061567	     5.838624719
            1.95	     6.962931399	     8.239446014	      11.1528121	     5.942148005
           1.965	     7.087783488	     8.407879669	     11.30500852	     6.047525208
            1.98	     7.215179204	      8.57859627	     11.45720494	     6.154794227
           1.995	     7.345152791	     8.751595817	     11.60940137	     6.263993474
               2	     7.389056099	     8.809769655	     11.66013351	     6.300828875
           2.025	     7.612913767	     9.097629201	     11.36863017	     6.488338505
            2.04	     7.750650617	     9.266846888	     11.19372817	     6.603562065
           2.055	     7.890906056	     9.433441046	     11.01882617	     6.720870617
            2.07	     8.033640731	     9.597411673	     10.84392416	     6.840301643
           2.085	     8.178815289	      9.75875877	     10.66902216	     6.961892038
             2.1	     8.326390376	     9.917482338	     10.49412016	     7.085678104
           2.115	     8.476326641	     10.07358238	     10.31921816	     7.211695555
            2.13	      8.62858473	     10.22705888	     10.14431615	     7.339979513
           2.145	      8.78312529	     10.37791186	      9.96941415	     7.470564509
            2.16	     8.939908968	     10.52614131	     9.794512148	     7.603484487
           2.175	     9.098896411	     10.67174722	     9.619610145	     7.738772797
            2.19	     9.260048267	     10.81472961	     9.444708142	     7.876462201
           2.205	     9.423325182	     10.95508847	      9.26980614	     8.016584871
            2.22	     9.588687804	      11.0928238	     9.094904137	     8.159172385
           2.235	     9.756096778	     11.22793559	     8.920002135	     8.304255736
            2.25	     9.925512754	     11.36042386	     8.745100132	     8.451865324
           2.265	     10.09689638	      11.4902886	     8.570198129	     8.602030957
            2.28	     10.27020829	      11.6175298	     8.395296127	     8.754781857
           2.295	     10.44540915	     11.74214748	     8.220394124	     8.910146651
            2.31	      10.6224596	     11.86414163	     8.045492121	     9.068153379
           2.325	     10.80132028	     11.98351224	     7.870590119	      9.22882949
            2.34	     10.98195185	     12.10025933	     7.695688116	     9.392201842
           2.355	     11.16431495	     12.21438289	     7.520786113	     9.558296703
            2.37	     11.34837022	     12.32588291	     7.345884111	     9.727139751
           2.385	     11.53407832	     12.43475941	     7.170982108	     9.898756074
             2.4	     11.72139988	     12.54101238	     6.996080106	     10.07317017
           2.415	     11.91029557	     12.64464181	     6.821178103	     10.25040594
            2.43	     12.10072602	     12.74564772	       6.6462761	     10.43048671
           2.445	     12.29265188	      12.8440301	     6.471374098	      10.6134352
            2.46	     12.48603381	     12.93978894	     6.296472095	     10.79927355
           2.475	     12.68083243	     13.03292426	     6.121570092	      10.9880233
            2.49	     12.87700842	     13.12343605	      5.94666809	     11.17970541
           2.505	      13.0745224	      13.2113243	     5.771766087	     11.37434024
            2.52	     13.27333503	     13.29658903	     5.596864084	     11.57194757
           2.535	     13.47340695	     13.37923023	     5.421962082	     11.77254659
            2.55	     13.67469882	     13.45924789	     5.247060079	     11.97615588
           2.565	     13.87717127	     13.53664203	     5.072158077	     12.18279345
            2.58	     14.08078496	     13.61141263	     4.897256074	     12.39247672
           2.595	     14.28550053	     13.68355971	     4.722354071	     12.60522251
            2.61	     14.49127863	     13.75308326	     4.547452069	     12.82104705
           2.625	     14.69807991	     13.81998327	     4.372550066	     13.03996599
            2.64	     14.90586501	     13.88425976	     4.197648063	     13.26199437
           2.655	     15.11459459	     13.94591271	     4.022746061	     13.48714666
            2.67	     15.32422928	     14.00494214	     3.847844058	     13.71543673
           2.685	     15.53472973	     14.06134804	     3.672942055	     13.94687787
             2.7	      15.7460566	      14.1151304	     3.498040053	     14.18148276
           2.715	     15.95817053	     14.16628924	      3.32313805	      14.4192635
            2.73	     16.17103216	     14.21482454	     3.148236047	     14.66023161
           2.745	     16.38460215	     14.26073632	     2.973334045	     14.90439801
            2.76	     16.59884113	     14.30402456	     2.798432042	     15.15177302
           2.775	     16.81370977	     14.34468928	      2.62353004	     15.40236639
            2.79	     17.02916869	     14.38273047	     2.448628037	     15.65618726
           2.805	     17.24517856	     14.41814812	     2.273726034	      15.9132442
            2.82	     17.46170002	     14.45094225	     2.098824032	     16.17354518
           2.835	     17.67869371	     14.48111284	     1.923922029	     16.43709757
            2.85	     17.89612029	     14.50865991	     1.749020026	     16.70390815
           2.865	     18.11394039	     14.53358344	     1.574118024	     16.97398314
            2.88	     18.33211467	     14.55588345	     1.399216021	     17.24732814
           2.895	     18.55060378	     14.57555992	     1.224314018	     17.52394816
            2.91	     18.76936835	     14.59261287	     1.049412016	     17.80384763
           2.925	     18.98836905	     14.60704228	    0.8745100132	     18.08703039
            2.94	      19.2075665	     14.61884817	    0.6996080106	     18.37349968
           2.955	     19.42692137	     14.62803052	    0.5247060079	     18.66325817
            2.97	      19.6463943	     14.63458935	    0.3498040053	     18.95630791
           2.985	     19.86594594	     14.63852464	    0.1749020026	     19.25265039
               3	     20.08553692	     14.63983641	               0	     19.55228649
