  i	               t	     evaluations	         Qw_appr	         We_appr	         Pr_appr
  0	               0	               0	               0	               0	             230
  1	             0.2	               6	         2.62571	        0.262941	         229.868
  2	             0.4	              12	         5.22928	         1.04881	         229.738
  3	             0.6	              18	         7.81092	         2.35319	         229.607
  4	             0.8	              24	         10.3708	         4.17173	         229.477
  5	               1	              30	         12.9091	         6.50008	         229.348
  6	             1.2	              36	         15.4261	         9.33395	          229.22
  7	             1.4	              42	         17.9218	         12.6691	         229.092
  8	             1.6	              48	         20.3965	         16.5013	         228.964
  9	             1.8	              54	         22.8503	         20.8263	         228.837
 10	               2	              60	         25.2835	           25.64	         228.711
 11	             2.2	              66	         27.6962	         30.9383	         228.585
 12	             2.4	              72	         30.0885	         36.7171	          228.46
 13	             2.6	              78	         32.4607	         42.9724	         228.335
 14	             2.8	              84	          34.813	         49.7001	         228.211
 15	               3	              90	         37.1454	         56.8963	         228.087
 16	             3.2	              96	         39.4581	         64.5569	         227.964
 17	             3.4	             102	         41.7514	         72.6782	         227.842
 18	             3.6	             108	         44.0254	         81.2562	          227.72
 19	             3.8	             114	         46.2802	         90.2871	         227.598
 20	               4	             120	         48.5161	         99.7671	         227.477
 21	             4.2	             126	         50.7331	         109.692	         227.357
 22	             4.4	             132	         52.9314	         120.059	         227.237
 23	             4.6	             138	         55.1113	         130.864	         227.117
 24	             4.8	             144	         57.2728	         142.102	         226.998
 25	               5	             150	         59.4161	         153.772	          226.88
 26	             5.2	             156	         61.5413	         165.868	         226.762
 27	             5.4	             162	         63.6487	         178.387	         226.644
 28	             5.6	             168	         65.7383	         191.326	         226.527
 29	             5.8	             174	         67.8103	         204.681	          226.41
 30	               6	             180	         69.8649	         218.449	         226.294
 31	             6.2	             186	         71.9022	         232.626	         226.179
 32	             6.4	             192	         73.9224	         247.209	         226.063
 33	             6.6	             198	         75.9256	         262.194	         225.949
 34	             6.8	             204	         77.9119	         277.578	         225.834
 35	               7	             210	         79.8815	         293.357	         225.721
 36	             7.2	             216	         81.8345	         309.529	         225.607
 37	             7.4	             222	         83.7711	          326.09	         225.494
 38	             7.6	             228	         85.6914	         343.037	         225.382
 39	             7.8	             234	         87.5956	         360.365	          225.27
 40	               8	             240	         89.4837	         378.074	         225.158
 41	             8.2	             246	          91.356	         396.158	         225.047
 42	             8.4	             252	         93.2125	         414.615	         224.936
 43	             8.6	             258	         95.0534	         433.442	         224.826
 44	             8.8	             264	         96.8788	         452.635	         224.716
 45	               9	             270	         98.6889	         472.192	         224.606
 46	             9.2	             276	         100.484	          492.11	         224.497
 47	             9.4	             282	         102.263	         512.385	         224.388
 48	             9.6	             288	         104.028	         533.014	          224.28
 49	             9.8	             294	         105.778	         553.995	         224.172
 50	              10	             300	         107.514	         575.325	         224.065
 51	            10.2	             306	         109.234	             597	         223.958
 52	            10.4	             312	          110.94	         619.017	         223.851
 53	            10.6	             318	         112.632	         641.375	         223.745
 54	            10.8	             324	          114.31	         664.069	         223.639
 55	              11	             330	         115.974	         687.098	         223.533
 56	            11.2	             336	         117.623	         710.458	         223.428
 57	            11.4	             342	         119.259	         734.146	         223.323
 58	            11.6	             348	         120.881	          758.16	         223.219
 59	            11.8	             354	         122.489	         782.498	         223.114
 60	              12	             360	         124.084	         807.155	         223.011
 61	            12.2	             366	         125.666	          832.13	         222.907
 62	            12.4	             372	         127.234	         857.421	         222.804
 63	            12.6	             378	         128.789	         883.023	         222.702
 64	            12.8	             384	         130.331	         908.935	         222.599
 65	              13	             390	          131.86	         935.155	         222.497
 66	            13.2	             396	         133.376	         961.678	         222.396
 67	            13.4	             402	          134.88	         988.504	         222.295
 68	            13.6	             408	          136.37	         1015.63	         222.194
 69	            13.8	             414	         137.849	         1043.05	         222.093
 70	              14	             420	         139.315	         1070.77	         221.993
 71	            14.2	             426	         140.768	         1098.78	         221.893
 72	            14.4	             432	          142.21	         1127.07	         221.793
 73	            14.6	             438	         143.639	         1155.66	         221.694
 74	            14.8	             444	         145.057	         1184.53	         221.595
 75	              15	             450	         146.462	         1213.68	         221.496
 76	            15.2	             456	         147.856	         1243.11	         221.398
 77	            15.4	             462	         149.238	         1272.82	           221.3
 78	            15.6	             468	         150.608	         1302.81	         221.202
 79	            15.8	             474	         151.967	         1333.07	         221.105
 80	              16	             480	         153.315	         1363.59	         221.008
 81	            16.2	             486	         154.651	         1394.39	         220.911
 82	            16.4	             492	         155.976	         1425.45	         220.815
 83	            16.6	             498	          157.29	         1456.78	         220.719
 84	            16.8	             504	         158.593	         1488.37	         220.623
 85	              17	             510	         159.885	         1520.22	         220.527
 86	            17.2	             516	         161.166	         1552.32	         220.432
 87	            17.4	             522	         162.437	         1584.68	         220.337
 88	            17.6	             528	         163.697	          1617.3	         220.242
 89	            17.8	             534	         164.946	         1650.16	         220.148
 90	              18	             540	         166.185	         1683.27	         220.053
 91	            18.2	             546	         167.414	         1716.63	          219.96
 92	            18.4	             552	         168.632	         1750.24	         219.866
 93	            18.6	             558	          169.84	         1784.09	         219.773
 94	            18.8	             564	         171.038	         1818.17	          219.68
 95	              19	             570	         172.226	          1852.5	         219.587
 96	            19.2	             576	         173.404	         1887.06	         219.494
 97	            19.4	             582	         174.572	         1921.86	         219.402
 98	            19.6	             588	          175.73	         1956.89	          219.31
 99	            19.8	             594	         176.879	         1992.15	         219.218
100	              20	             600	         178.018	         2027.64	         219.127
101	            20.2	             606	         179.147	         2063.36	         219.036
102	            20.4	             612	         180.267	          2099.3	         218.945
103	            20.6	             618	         181.378	         2135.47	         218.854
104	            20.8	             624	         182.479	         2171.85	         218.764
105	              21	             630	         183.572	         2208.46	         218.673
106	            21.2	             636	         184.655	         2245.28	         218.583
107	            21.4	             642	         185.729	         2282.32	         218.494
108	            21.6	             648	         186.794	         2319.57	         218.404
109	            21.8	             654	          187.85	         2357.04	         218.315
110	              22	             660	         188.898	         2394.71	         218.226
111	            22.2	             666	         189.936	         2432.59	         218.137
112	            22.4	             672	         190.966	         2470.68	         218.049
113	            22.6	             678	         191.988	         2508.98	          217.96
114	            22.8	             684	         193.001	         2547.48	         217.872
115	              23	             690	         194.005	         2586.18	         217.784
116	            23.2	             696	         195.001	         2625.08	         217.697
117	            23.4	             702	         195.989	         2664.18	         217.609
118	            23.6	             708	         196.969	         2703.48	         217.522
119	            23.8	             714	          197.94	         2742.97	         217.435
120	              24	             720	         198.903	         2782.65	         217.348
121	            24.2	             726	         199.858	         2822.53	         217.262
122	            24.4	             732	         200.806	         2862.59	         217.175
123	            24.6	             738	         201.745	         2902.85	         217.089
124	            24.8	             744	         202.677	         2943.29	         217.003
125	              25	             750	         203.601	         2983.92	         216.918
126	            25.2	             756	         204.517	         3024.73	         216.832
127	            25.4	             762	         205.425	         3065.73	         216.747
128	            25.6	             768	         206.326	          3106.9	         216.662
129	            25.8	             774	          207.22	         3148.26	         216.577
130	              26	             780	         208.106	         3189.79	         216.492
131	            26.2	             786	         208.984	          3231.5	         216.408
132	            26.4	             792	         209.856	         3273.38	         216.323
133	            26.6	             798	          210.72	         3315.44	         216.239
134	            26.8	             804	         211.577	         3357.67	         216.155
135	              27	             810	         212.427	         3400.07	         216.072
136	            27.2	             816	         213.269	         3442.64	         215.988
137	            27.4	             822	         214.105	         3485.38	         215.905
138	            27.6	             828	         214.934	         3528.28	         215.821
139	            27.8	             834	         215.756	         3571.35	         215.738
140	              28	             840	         216.571	         3614.58	         215.656
141	            28.2	             846	          217.38	         3657.98	         215.573
142	            28.4	             852	         218.181	         3701.53	         215.491
143	            28.6	             858	         218.976	         3745.25	         215.408
144	            28.8	             864	         219.765	         3789.12	         215.326
145	              29	             870	         220.546	         3833.16	         215.244
146	            29.2	             876	         221.322	         3877.34	         215.163
147	            29.4	             882	         222.091	         3921.68	         215.081
148	            29.6	             888	         222.853	         3966.18	             215
149	            29.8	             894	          223.61	         4010.82	         214.918
150	              30	             900	         224.846	         4055.63	         214.813
151	            30.2	             906	         222.896	          4100.4	         214.867
152	            30.4	             912	         220.963	         4144.79	          214.92
153	            30.6	             918	         219.047	         4188.79	         214.973
154	            30.8	             924	         217.148	         4232.41	         215.026
155	              31	             930	         215.265	         4275.65	         215.078
156	            31.2	             936	         213.398	         4318.51	          215.13
157	            31.4	             942	         211.548	         4361.01	         215.181
158	            31.6	             948	         209.713	         4403.13	         215.232
159	            31.8	             954	         207.895	         4444.89	         215.282
160	              32	             960	         206.092	         4486.29	         215.332
161	            32.2	             966	         204.305	         4527.33	         215.381
162	            32.4	             972	         202.533	         4568.02	          215.43
163	            32.6	             978	         200.777	         4608.35	         215.479
164	            32.8	             984	         199.036	         4648.33	         215.527
165	              33	             990	          197.31	         4687.96	         215.575
166	            33.2	             996	         195.599	         4727.25	         215.622
167	            33.4	            1002	         193.903	          4766.2	         215.669
168	            33.6	            1008	         192.222	         4804.81	         215.715
169	            33.8	            1014	         190.555	         4843.09	         215.762
170	              34	            1020	         188.902	         4881.04	         215.807
171	            34.2	            1026	         187.264	         4918.65	         215.853
172	            34.4	            1032	          185.64	         4955.94	         215.897
173	            34.6	            1038	         184.031	         4992.91	         215.942
174	            34.8	            1044	         182.435	         5029.56	         215.986
175	              35	            1050	         180.853	         5065.89	          216.03
176	            35.2	            1056	         179.285	          5101.9	         216.073
177	            35.4	            1062	          177.73	          5137.6	         216.116
178	            35.6	            1068	         176.189	         5172.99	         216.159
179	            35.8	            1074	         174.661	         5208.08	         216.201
180	              36	            1080	         173.146	         5242.86	         216.243
181	            36.2	            1086	         171.645	         5277.34	         216.285
182	            36.4	            1092	         170.157	         5311.52	         216.326
183	            36.6	            1098	         168.681	          5345.4	         216.367
184	            36.8	            1104	         167.218	         5378.99	         216.407
185	              37	            1110	         165.768	         5412.29	         216.447
186	            37.2	            1116	         164.331	          5445.3	         216.487
187	            37.4	            1122	         162.906	         5478.02	         216.526
188	            37.6	            1128	         161.493	         5510.46	         216.565
189	            37.8	            1134	         160.093	         5542.62	         216.604
190	              38	            1140	         158.705	          5574.5	         216.643
191	            38.2	            1146	         157.328	          5606.1	         216.681
192	            38.4	            1152	         155.964	         5637.43	         216.718
193	            38.6	            1158	         154.612	         5668.49	         216.756
194	            38.8	            1164	         153.271	         5699.28	         216.793
195	              39	            1170	         151.942	          5729.8	          216.83
196	            39.2	            1176	         150.624	         5760.05	         216.866
197	            39.4	            1182	         149.318	         5790.05	         216.902
198	            39.6	            1188	         148.024	         5819.78	         216.938
199	            39.8	            1194	          146.74	         5849.26	         216.974
200	              40	            1200	         145.467	         5878.48	         217.009
201	            40.2	            1206	         144.206	         5907.45	         217.044
202	            40.4	            1212	         142.956	         5936.16	         217.078
203	            40.6	            1218	         141.716	         5964.63	         217.113
204	            40.8	            1224	         140.487	         5992.85	         217.147
205	              41	            1230	         139.269	         6020.82	          217.18
206	            41.2	            1236	         138.061	         6048.56	         217.214
207	            41.4	            1242	         136.864	         6076.05	         217.247
208	            41.6	            1248	         135.677	          6103.3	          217.28
209	            41.8	            1254	         134.501	         6130.32	         217.312
210	              42	            1260	         133.334	          6157.1	         217.344
211	            42.2	            1266	         132.178	         6183.66	         217.376
212	            42.4	            1272	         131.032	         6209.98	         217.408
213	            42.6	            1278	         129.896	         6236.07	          217.44
214	            42.8	            1284	         128.769	         6261.94	         217.471
215	              43	            1290	         127.653	         6287.58	         217.502
216	            43.2	            1296	         126.546	            6313	         217.532
217	            43.4	            1302	         125.449	          6338.2	         217.563
218	            43.6	            1308	         124.361	         6363.18	         217.593
219	            43.8	            1314	         123.282	         6387.94	         217.623
220	              44	            1320	         122.213	         6412.49	         217.652
221	            44.2	            1326	         121.154	         6436.83	         217.681
222	            44.4	            1332	         120.103	         6460.95	          217.71
223	            44.6	            1338	         119.061	         6484.87	         217.739
224	            44.8	            1344	         118.029	         6508.58	         217.768
225	              45	            1350	         117.006	         6532.08	         217.796
226	            45.2	            1356	         115.991	         6555.38	         217.824
227	            45.4	            1362	         114.985	         6578.48	         217.852
228	            45.6	            1368	         113.988	         6601.38	          217.88
229	            45.8	            1374	             113	         6624.07	         217.907
230	              46	            1380	          112.02	         6646.58	         217.934
231	            46.2	            1386	         111.048	         6668.88	         217.961
232	            46.4	            1392	         110.085	            6691	         217.988
233	            46.6	            1398	         109.131	         6712.92	         218.014
234	            46.8	            1404	         108.185	         6734.65	          218.04
235	              47	            1410	         107.246	         6756.19	         218.066
236	            47.2	            1416	         106.316	         6777.55	         218.092
237	            47.4	            1422	         105.395	         6798.72	         218.117
238	            47.6	            1428	         104.481	         6819.71	         218.143
239	            47.8	            1434	         103.575	         6840.51	         218.168
240	              48	            1440	         102.676	         6861.14	         218.193
241	            48.2	            1446	         101.786	         6881.58	         218.217
242	            48.4	            1452	         100.903	         6901.85	         218.242
243	            48.6	            1458	         100.029	         6921.94	         218.266
244	            48.8	            1464	         99.1611	         6941.86	          218.29
245	              49	            1470	         98.3013	         6961.61	         218.314
246	            49.2	            1476	         97.4488	         6981.18	         218.337
247	            49.4	            1482	         96.6038	         7000.59	         218.361
248	            49.6	            1488	         95.7661	         7019.83	         218.384
249	            49.8	            1494	         94.9357	          7038.9	         218.407
250	              50	            1500	         94.1125	          7057.8	         218.429
251	            50.2	            1506	         93.2964	         7076.54	         218.452
252	            50.4	            1512	         92.4874	         7095.12	         218.474
253	            50.6	            1518	         91.6854	         7113.54	         218.497
254	            50.8	            1524	         90.8903	         7131.79	         218.519
255	              51	            1530	         90.1022	         7149.89	          218.54
256	            51.2	            1536	         89.3209	         7167.84	         218.562
257	            51.4	            1542	         88.5463	         7185.62	         218.583
258	            51.6	            1548	         87.7785	         7203.25	         218.605
259	            51.8	            1554	         87.0173	         7220.73	         218.626
260	              52	            1560	         86.2628	         7238.06	         218.647
261	            52.2	            1566	         85.5148	         7255.24	         218.667
262	            52.4	            1572	         84.7732	         7272.27	         218.688
263	            52.6	            1578	         84.0381	         7289.15	         218.708
264	            52.8	            1584	         83.3094	         7305.88	         218.728
265	              53	            1590	          82.587	         7322.47	         218.748
266	            53.2	            1596	         81.8708	         7338.92	         218.768
267	            53.4	            1602	         81.1609	         7355.22	         218.788
268	            53.6	            1608	         80.4571	         7371.38	         218.807
269	            53.8	            1614	         79.7594	         7387.41	         218.827
270	              54	            1620	         79.0678	         7403.29	         218.846
271	            54.2	            1626	         78.3822	         7419.03	         218.865
272	            54.4	            1632	         77.7025	         7434.64	         218.883
273	            54.6	            1638	         77.0287	         7450.11	         218.902
274	            54.8	            1644	         76.3608	         7465.45	         218.921
275	              55	            1650	         75.6986	         7480.66	         218.939
276	            55.2	            1656	         75.0422	         7495.73	         218.957
277	            55.4	            1662	         74.3915	         7510.68	         218.975
278	            55.6	            1668	         73.7464	         7525.49	         218.993
279	            55.8	            1674	         73.1069	         7540.18	         219.011
280	              56	            1680	         72.4729	         7554.73	         219.028
281	            56.2	            1686	         71.8445	         7569.17	         219.045
282	            56.4	            1692	         71.2215	         7583.47	         219.063
283	            56.6	            1698	         70.6039	         7597.65	          219.08
284	            56.8	            1704	         69.9917	         7611.71	         219.097
285	              57	            1710	         69.3848	         7625.65	         219.114
286	            57.2	            1716	         68.7831	         7639.47	          219.13
287	            57.4	            1722	         68.1866	         7653.16	         219.147
288	            57.6	            1728	         67.5954	         7666.74	         219.163
289	            57.8	            1734	         67.0092	          7680.2	         219.179
290	              58	            1740	         66.4282	         7693.55	         219.195
291	            58.2	            1746	         65.8521	         7706.77	         219.211
292	            58.4	            1752	         65.2811	         7719.89	         219.227
293	            58.6	            1758	          64.715	         7732.89	         219.243
294	            58.8	            1764	         64.1538	         7745.77	         219.258
295	              59	            1770	         63.5975	         7758.55	         219.274
296	            59.2	            1776	         63.0461	         7771.21	         219.289
297	            59.4	            1782	         62.4994	         7783.77	         219.304
298	            59.6	            1788	         61.9574	         7796.21	         219.319
299	            59.8	            1794	         61.4201	         7808.55	         219.334
300	              60	            1800	         60.8875	         7820.78	         219.349
301	            60.2	            1806	         60.3596	         7832.91	         219.363
302	            60.4	            1812	         59.8362	         7844.93	         219.378
303	            60.6	            1818	         59.3173	         7856.84	         219.392
304	            60.8	            1824	         58.8029	         7868.65	         219.406
305	              61	            1830	          58.293	         7880.36	          219.42
306	            61.2	            1836	         57.7875	         7891.97	         219.434
307	            61.4	            1842	         57.2864	         7903.48	         219.448
308	            61.6	            1848	         56.7897	         7914.89	         219.462
309	            61.8	            1854	         56.2972	         7926.19	         219.476
310	              62	            1860	         55.8091	         7937.41	         219.489
311	            62.2	            1866	         55.3251	         7948.52	         219.502
312	            62.4	            1872	         54.8454	         7959.54	         219.516
313	            62.6	            1878	         54.3698	         7970.46	         219.529
314	            62.8	            1884	         53.8983	         7981.28	         219.542
315	              63	            1890	         53.4309	         7992.02	         219.555
316	            63.2	            1896	         52.9676	         8002.66	         219.568
317	            63.4	            1902	         52.5083	          8013.2	          219.58
318	            63.6	            1908	          52.053	         8023.66	         219.593
319	            63.8	            1914	         51.6016	         8034.03	         219.605
320	              64	            1920	         51.1542	          8044.3	         219.618
321	            64.2	            1926	         50.7106	         8054.49	          219.63
322	            64.4	            1932	         50.2708	         8064.59	         219.642
323	            64.6	            1938	         49.8349	          8074.6	         219.654
324	            64.8	            1944	         49.4028	         8084.52	         219.666
325	              65	            1950	         48.9744	         8094.36	         219.678
326	            65.2	            1956	         48.5497	         8104.11	          219.69
327	            65.4	            1962	         48.1287	         8113.78	         219.702
328	            65.6	            1968	         47.7114	         8123.36	         219.713
329	            65.8	            1974	         47.2976	         8132.86	         219.725
330	              66	            1980	         46.8875	         8142.28	         219.736
331	            66.2	            1986	         46.4809	         8151.62	         219.747
332	            66.4	            1992	         46.0779	         8160.87	         219.758
333	            66.6	            1998	         45.6783	         8170.05	         219.769
334	            66.8	            2004	         45.2822	         8179.14	          219.78
335	              67	            2010	         44.8896	         8188.16	         219.791
336	            67.2	            2016	         44.5003	          8197.1	         219.802
337	            67.4	            2022	         44.1144	         8205.96	         219.813
338	            67.6	            2028	         43.7319	         8214.75	         219.823
339	            67.8	            2034	         43.3527	         8223.46	         219.834
340	              68	            2040	         42.9767	         8232.09	         219.844
341	            68.2	            2046	         42.6041	         8240.65	         219.854
342	            68.4	            2052	         42.2346	         8249.13	         219.865
343	            68.6	            2058	         41.8684	         8257.54	         219.875
344	            68.8	            2064	         41.5053	         8265.88	         219.885
345	              69	            2070	         41.1454	         8274.14	         219.895
346	            69.2	            2076	         40.7886	         8282.34	         219.905
347	            69.4	            2082	         40.4349	         8290.46	         219.914
348	            69.6	            2088	         40.0843	         8298.51	         219.924
349	            69.8	            2094	         39.7367	         8306.49	         219.934
350	              70	            2100	         39.3921	          8314.4	         219.943
351	            70.2	            2106	         39.0506	         8322.25	         219.953
352	            70.4	            2112	         38.7119	         8330.03	         219.962
353	            70.6	            2118	         38.3763	         8337.73	         219.971
354	            70.8	            2124	         38.0435	         8345.38	         219.981
355	              71	            2130	         37.7136	         8352.95	          219.99
356	            71.2	            2136	         37.3866	         8360.46	         219.999
357	            71.4	            2142	         37.0624	         8367.91	         220.008
358	            71.6	            2148	          36.741	         8375.29	         220.017
359	            71.8	            2154	         36.4224	          8382.6	         220.025
360	              72	            2160	         36.1065	         8389.86	         220.034
361	            72.2	            2166	         35.7934	         8397.05	         220.043
362	            72.4	            2172	         35.4831	         8404.17	         220.051
363	            72.6	            2178	         35.1754	         8411.24	          220.06
364	            72.8	            2184	         34.8704	         8418.24	         220.068
365	              73	            2190	          34.568	         8425.19	         220.077
366	            73.2	            2196	         34.2682	         8432.07	         220.085
367	            73.4	            2202	         33.9711	          8438.9	         220.093
368	            73.6	            2208	         33.6765	         8445.66	         220.101
369	            73.8	            2214	         33.3845	         8452.37	         220.109
370	              74	            2220	          33.095	         8459.01	         220.117
371	            74.2	            2226	          32.808	          8465.6	         220.125
372	            74.4	            2232	         32.5235	         8472.14	         220.133
373	            74.6	            2238	         32.2415	         8478.61	         220.141
374	            74.8	            2244	         31.9619	         8485.03	         220.149
375	              75	            2250	         31.6848	          8491.4	         220.156
376	            75.2	            2256	           31.41	         8497.71	         220.164
377	            75.4	            2262	         31.1376	         8503.96	         220.172
378	            75.6	            2268	         30.8676	         8510.16	         220.179
379	            75.8	            2274	            30.6	         8516.31	         220.186
380	              76	            2280	         30.3346	          8522.4	         220.194
381	            76.2	            2286	         30.0716	         8528.44	         220.201
382	            76.4	            2292	         29.8108	         8534.43	         220.208
383	            76.6	            2298	         29.5523	         8540.37	         220.215
384	            76.8	            2304	          29.296	         8546.25	         220.222
385	              77	            2310	          29.042	         8552.09	          220.23
386	            77.2	            2316	         28.7902	         8557.87	         220.236
387	            77.4	            2322	         28.5405	          8563.6	         220.243
388	            77.6	            2328	          28.293	         8569.29	          220.25
389	            77.8	            2334	         28.0477	         8574.92	         220.257
390	              78	            2340	         27.8045	         8580.51	         220.264
391	            78.2	            2346	         27.5634	         8586.04	          220.27
392	            78.4	            2352	         27.3244	         8591.53	         220.277
393	            78.6	            2358	         27.0874	         8596.97	         220.284
394	            78.8	            2364	         26.8525	         8602.37	          220.29
395	              79	            2370	         26.6197	         8607.71	         220.297
396	            79.2	            2376	         26.3888	         8613.01	         220.303
397	            79.4	            2382	           26.16	         8618.27	         220.309
398	            79.6	            2388	         25.9332	         8623.48	         220.316
399	            79.8	            2394	         25.7083	         8628.64	         220.322
400	              80	            2400	         25.4854	         8633.76	         220.328
401	            80.2	            2406	         25.2644	         8638.84	         220.334
402	            80.4	            2412	         25.0453	         8643.87	          220.34
403	            80.6	            2418	         24.8281	         8648.85	         220.346
404	            80.8	            2424	         24.6128	          8653.8	         220.352
405	              81	            2430	         24.3994	          8658.7	         220.358
406	            81.2	            2436	         24.1878	         8663.56	         220.364
407	            81.4	            2442	         23.9781	         8668.38	          220.37
408	            81.6	            2448	         23.7701	         8673.15	         220.375
409	            81.8	            2454	          23.564	         8677.88	         220.381
410	              82	            2460	         23.3597	         8682.58	         220.387
411	            82.2	            2466	         23.1571	         8687.23	         220.392
412	            82.4	            2472	         22.9563	         8691.84	         220.398
413	            82.6	            2478	         22.7573	         8696.41	         220.403
414	            82.8	            2484	         22.5599	         8700.94	         220.409
415	              83	            2490	         22.3643	         8705.43	         220.414
416	            83.2	            2496	         22.1704	         8709.89	          220.42
417	            83.4	            2502	         21.9781	          8714.3	         220.425
418	            83.6	            2508	         21.7875	         8718.68	          220.43
419	            83.8	            2514	         21.5986	         8723.02	         220.435
420	              84	            2520	         21.4113	         8727.32	         220.441
421	            84.2	            2526	         21.2257	         8731.58	         220.446
422	            84.4	            2532	         21.0416	         8735.81	         220.451
423	            84.6	            2538	         20.8591	            8740	         220.456
424	            84.8	            2544	         20.6783	         8744.15	         220.461
425	              85	            2550	         20.4989	         8748.27	         220.466
426	            85.2	            2556	         20.3212	         8752.35	         220.471
427	            85.4	            2562	          20.145	          8756.4	         220.476
428	            85.6	            2568	         19.9703	         8760.41	          220.48
429	            85.8	            2574	         19.7971	         8764.39	         220.485
430	              86	            2580	         19.6255	         8768.33	          220.49
431	            86.2	            2586	         19.4553	         8772.24	         220.495
432	            86.4	            2592	         19.2866	         8776.11	         220.499
433	            86.6	            2598	         19.1193	         8779.95	         220.504
434	            86.8	            2604	         18.9535	         8783.76	         220.509
435	              87	            2610	         18.7892	         8787.53	         220.513
436	            87.2	            2616	         18.6262	         8791.28	         220.518
437	            87.4	            2622	         18.4647	         8794.98	         220.522
438	            87.6	            2628	         18.3046	         8798.66	         220.527
439	            87.8	            2634	         18.1459	         8802.31	         220.531
440	              88	            2640	         17.9885	         8805.92	         220.535
441	            88.2	            2646	         17.8326	          8809.5	          220.54
442	            88.4	            2652	         17.6779	         8813.05	         220.544
443	            88.6	            2658	         17.5246	         8816.57	         220.548
444	            88.8	            2664	         17.3727	         8820.06	         220.552
445	              89	            2670	          17.222	         8823.52	         220.557
446	            89.2	            2676	         17.0727	         8826.95	         220.561
447	            89.4	            2682	         16.9246	         8830.35	         220.565
448	            89.6	            2688	         16.7779	         8833.72	         220.569
449	            89.8	            2694	         16.6324	         8837.06	         220.573
450	              90	            2700	         16.4882	         8840.37	         220.577
451	            90.2	            2706	         16.3452	         8843.66	         220.581
452	            90.4	            2712	         16.2034	         8846.91	         220.585
453	            90.6	            2718	         16.0629	         8850.14	         220.589
454	            90.8	            2724	         15.9237	         8853.34	         220.592
455	              91	            2730	         15.7856	         8856.51	         220.596
456	            91.2	            2736	         15.6487	         8859.65	           220.6
457	            91.4	            2742	          15.513	         8862.77	         220.604
458	            91.6	            2748	         15.3785	         8865.86	         220.608
459	            91.8	            2754	         15.2451	         8868.92	         220.611
460	              92	            2760	         15.1129	         8871.96	         220.615
461	            92.2	            2766	         14.9819	         8874.97	         220.618
462	            92.4	            2772	          14.852	         8877.95	         220.622
463	            92.6	            2778	         14.7232	         8880.91	         220.626
464	            92.8	            2784	         14.5955	         8883.84	         220.629
465	              93	            2790	         14.4689	         8886.74	         220.633
466	            93.2	            2796	         14.3435	         8889.63	         220.636
467	            93.4	            2802	         14.2191	         8892.48	          220.64
468	            93.6	            2808	         14.0958	         8895.31	         220.643
469	            93.8	            2814	         13.9736	         8898.12	         220.646
470	              94	            2820	         13.8524	          8900.9	          220.65
471	            94.2	            2826	         13.7323	         8903.66	         220.653
472	            94.4	            2832	         13.6132	          8906.4	         220.656
473	            94.6	            2838	         13.4951	         8909.11	          220.66
474	            94.8	            2844	         13.3781	         8911.79	         220.663
475	              95	            2850	         13.2621	         8914.46	         220.666
476	            95.2	            2856	         13.1471	          8917.1	         220.669
477	            95.4	            2862	         13.0331	         8919.72	         220.672
478	            95.6	            2868	         12.9201	         8922.31	         220.676
479	            95.8	            2874	         12.8081	         8924.88	         220.679
480	              96	            2880	          12.697	         8927.44	         220.682
481	            96.2	            2886	         12.5869	         8929.96	         220.685
482	            96.4	            2892	         12.4777	         8932.47	         220.688
483	            96.6	            2898	         12.3695	         8934.95	         220.691
484	            96.8	            2904	         12.2623	         8937.42	         220.694
485	              97	            2910	          12.156	         8939.86	         220.697
486	            97.2	            2916	         12.0505	         8942.28	           220.7
487	            97.4	            2922	          11.946	         8944.68	         220.702
488	            97.6	            2928	         11.8425	         8947.06	         220.705
489	            97.8	            2934	         11.7398	         8949.42	         220.708
490	              98	            2940	          11.638	         8951.76	         220.711
491	            98.2	            2946	          11.537	         8954.07	         220.714
492	            98.4	            2952	          11.437	         8956.37	         220.717
493	            98.6	            2958	         11.3378	         8958.65	         220.719
494	            98.8	            2964	         11.2395	         8960.91	         220.722
495	              99	            2970	         11.1421	         8963.14	         220.725
496	            99.2	            2976	         11.0454	         8965.36	         220.727
497	            99.4	            2982	         10.9497	         8967.56	          220.73
498	            99.6	            2988	         10.8547	         8969.74	         220.733
499	            99.8	            2994	         10.7606	          8971.9	         220.735
500	             100	            3000	         10.6673	         8974.05	         220.738
501	           100.2	            3006	         10.5748	         8976.17	          220.74
502	           100.4	            3012	         10.4831	         8978.28	         220.743
503	           100.6	            3018	         10.3922	         8980.36	         220.745
504	           100.8	            3024	         10.3021	         8982.43	         220.748
505	             101	            3030	         10.2127	         8984.48	          220.75
506	           101.2	            3036	         10.1242	         8986.52	         220.753
507	           101.4	            3042	         10.0364	         8988.53	         220.755
508	           101.6	            3048	         9.94934	         8990.53	         220.758
509	           101.8	            3054	         9.86307	         8992.51	          220.76
510	             102	            3060	         9.77754	         8994.48	         220.762
511	           102.2	            3066	         9.69276	         8996.43	         220.765
512	           102.4	            3072	         9.60871	         8998.36	         220.767
513	           102.6	            3078	         9.52538	         9000.27	         220.769
514	           102.8	            3084	         9.44279	         9002.17	         220.772
515	             103	            3090	          9.3609	         9004.05	         220.774
516	           103.2	            3096	         9.27973	         9005.91	         220.776
517	           103.4	            3102	         9.19926	         9007.76	         220.778
518	           103.6	            3108	         9.11949	         9009.59	         220.781
519	           103.8	            3114	         9.04041	         9011.41	         220.783
520	             104	            3120	         8.96202	         9013.21	         220.785
521	           104.2	            3126	         8.88431	         9014.99	         220.787
522	           104.4	            3132	         8.80727	         9016.76	         220.789
523	           104.6	            3138	         8.73089	         9018.51	         220.791
524	           104.8	            3144	         8.65519	         9020.25	         220.793
525	             105	            3150	         8.58013	         9021.98	         220.796
526	           105.2	            3156	         8.50573	         9023.68	         220.798
527	           105.4	            3162	         8.43197	         9025.38	           220.8
528	           105.6	            3168	         8.35886	         9027.06	         220.802
529	           105.8	            3174	         8.28637	         9028.72	         220.804
530	             106	            3180	         8.21452	         9030.37	         220.806
531	           106.2	            3186	         8.14329	         9032.01	         220.808
532	           106.4	            3192	         8.07267	         9033.63	          220.81
533	           106.6	            3198	         8.00267	         9035.24	         220.812
534	           106.8	            3204	         7.93328	         9036.83	         220.813
535	             107	            3210	         7.86448	         9038.41	         220.815
536	           107.2	            3216	         7.79629	         9039.98	         220.817
537	           107.4	            3222	         7.72868	         9041.53	         220.819
538	           107.6	            3228	         7.66166	         9043.07	         220.821
539	           107.8	            3234	         7.59523	         9044.59	         220.823
540	             108	            3240	         7.52937	         9046.11	         220.825
541	           108.2	            3246	         7.46408	          9047.6	         220.826
542	           108.4	            3252	         7.39935	         9049.09	         220.828
543	           108.6	            3258	         7.33519	         9050.56	          220.83
544	           108.8	            3264	         7.27158	         9052.03	         220.832
545	             109	            3270	         7.20853	         9053.47	         220.834
546	           109.2	            3276	         7.14602	         9054.91	         220.835
547	           109.4	            3282	         7.08405	         9056.33	         220.837
548	           109.6	            3288	         7.02262	         9057.74	         220.839
549	           109.8	            3294	         6.96173	         9059.14	          220.84
550	             110	            3300	         6.90136	         9060.53	         220.842
551	           110.2	            3306	         6.84151	          9061.9	         220.844
552	           110.4	            3312	         6.78219	         9063.26	         220.845
553	           110.6	            3318	         6.72338	         9064.61	         220.847
554	           110.8	            3324	         6.66508	         9065.95	         220.849
555	             111	            3330	         6.60728	         9067.28	          220.85
556	           111.2	            3336	         6.54999	          9068.6	         220.852
557	           111.4	            3342	         6.49319	          9069.9	         220.853
558	           111.6	            3348	         6.43688	         9071.19	         220.855
559	           111.8	            3354	         6.38107	         9072.48	         220.856
560	             112	            3360	         6.32573	         9073.75	         220.858
561	           112.2	            3366	         6.27088	         9075.01	         220.859
562	           112.4	            3372	          6.2165	         9076.25	         220.861
563	           112.6	            3378	          6.1626	         9077.49	         220.862
564	           112.8	            3384	         6.10916	         9078.72	         220.864
565	             113	            3390	         6.05618	         9079.94	         220.865
566	           113.2	            3396	         6.00367	         9081.14	         220.867
567	           113.4	            3402	         5.95161	         9082.34	         220.868
568	           113.6	            3408	             5.9	         9083.52	          220.87
569	           113.8	            3414	         5.84884	          9084.7	         220.871
570	             114	            3420	         5.79812	         9085.86	         220.873
571	           114.2	            3426	         5.74784	         9087.02	         220.874
572	           114.4	            3432	           5.698	         9088.16	         220.875
573	           114.6	            3438	         5.64859	          9089.3	         220.877
574	           114.8	            3444	         5.59961	         9090.42	         220.878
575	             115	            3450	         5.55105	         9091.54	         220.879
576	           115.2	            3456	         5.50292	         9092.64	         220.881
577	           115.4	            3462	          5.4552	         9093.74	         220.882
578	           115.6	            3468	         5.40789	         9094.82	         220.883
579	           115.8	            3474	           5.361	          9095.9	         220.885
580	             116	            3480	         5.31451	         9096.97	         220.886
581	           116.2	            3486	         5.26843	         9098.03	         220.887
582	           116.4	            3492	         5.22274	         9099.08	         220.888
583	           116.6	            3498	         5.17745	         9100.12	          220.89
584	           116.8	            3504	         5.13256	         9101.15	         220.891
585	             117	            3510	         5.08805	         9102.17	         220.892
586	           117.2	            3516	         5.04393	         9103.18	         220.893
587	           117.4	            3522	         5.00019	         9104.19	         220.895
588	           117.6	            3528	         4.95683	         9105.18	         220.896
589	           117.8	            3534	         4.91385	         9106.17	         220.897
590	             118	            3540	         4.87124	         9107.15	         220.898
591	           118.2	            3546	           4.829	         9108.12	         220.899
592	           118.4	            3552	         4.78713	         9109.08	           220.9
593	           118.6	            3558	         4.74561	         9110.03	         220.902
594	           118.8	            3564	         4.70446	         9110.98	         220.903
595	             119	            3570	         4.66367	         9111.91	         220.904
596	           119.2	            3576	         4.62323	         9112.84	         220.905
597	           119.4	            3582	         4.58314	         9113.76	         220.906
598	           119.6	            3588	          4.5434	         9114.68	         220.907
599	           119.8	            3594	           4.504	         9115.58	         220.908
600	             120	            3600	         4.46494	         9116.48	         220.909
601	           120.2	            3606	         4.42623	         9117.37	          220.91
602	           120.4	            3612	         4.38784	         9118.25	         220.912
603	           120.6	            3618	         4.34979	         9119.12	         220.913
604	           120.8	            3624	         4.31208	         9119.99	         220.914
605	             121	            3630	         4.27468	         9120.85	         220.915
606	           121.2	            3636	         4.23762	          9121.7	         220.916
607	           121.4	            3642	         4.20087	         9122.54	         220.917
608	           121.6	            3648	         4.16444	         9123.38	         220.918
609	           121.8	            3654	         4.12833	         9124.21	         220.919
610	             122	            3660	         4.09253	         9125.03	          220.92
611	           122.2	            3666	         4.05704	         9125.84	         220.921
612	           122.4	            3672	         4.02186	         9126.65	         220.922
613	           122.6	            3678	         3.98699	         9127.45	         220.923
614	           122.8	            3684	         3.95242	         9128.25	         220.924
615	             123	            3690	         3.91814	         9129.03	         220.925
616	           123.2	            3696	         3.88417	         9129.81	         220.925
617	           123.4	            3702	         3.85049	         9130.59	         220.926
618	           123.6	            3708	          3.8171	         9131.35	         220.927
619	           123.8	            3714	           3.784	         9132.11	         220.928
620	             124	            3720	         3.75118	         9132.87	         220.929
621	           124.2	            3726	         3.71866	         9133.62	          220.93
622	           124.4	            3732	         3.68641	         9134.36	         220.931
623	           124.6	            3738	         3.65444	         9135.09	         220.932
624	           124.8	            3744	         3.62275	         9135.82	         220.933
625	             125	            3750	         3.59134	         9136.54	         220.934
626	           125.2	            3756	          3.5602	         9137.25	         220.934
627	           125.4	            3762	         3.52933	         9137.96	         220.935
628	           125.6	            3768	         3.49872	         9138.67	         220.936
629	           125.8	            3774	         3.46838	         9139.36	         220.937
630	             126	            3780	         3.43831	         9140.05	         220.938
631	           126.2	            3786	         3.40849	         9140.74	         220.939
632	           126.4	            3792	         3.37894	         9141.42	         220.939
633	           126.6	            3798	         3.34964	         9142.09	          220.94
634	           126.8	            3804	         3.32059	         9142.76	         220.941
635	             127	            3810	         3.29179	         9143.42	         220.942
636	           127.2	            3816	         3.26325	         9144.07	         220.943
637	           127.4	            3822	         3.23495	         9144.72	         220.943
638	           127.6	            3828	          3.2069	         9145.37	         220.944
639	           127.8	            3834	         3.17909	         9146.01	         220.945
640	             128	            3840	         3.15153	         9146.64	         220.946
641	           128.2	            3846	          3.1242	         9147.27	         220.946
642	           128.4	            3852	         3.09711	         9147.89	         220.947
643	           128.6	            3858	         3.07025	         9148.51	         220.948
644	           128.8	            3864	         3.04363	         9149.12	         220.949
645	             129	            3870	         3.01723	         9149.72	         220.949
646	           129.2	            3876	         2.99107	         9150.32	          220.95
647	           129.4	            3882	         2.96513	         9150.92	         220.951
648	           129.6	            3888	         2.93942	         9151.51	         220.952
649	           129.8	            3894	         2.91393	         9152.09	         220.952
650	             130	            3900	         2.88866	         9152.68	         220.953
651	           130.2	            3906	         2.86362	         9153.25	         220.954
652	           130.4	            3912	         2.83878	         9153.82	         220.954
653	           130.6	            3918	         2.81417	         9154.39	         220.955
654	           130.8	            3924	         2.78976	         9154.95	         220.956
655	             131	            3930	         2.76557	          9155.5	         220.956
656	           131.2	            3936	         2.74159	         9156.05	         220.957
657	           131.4	            3942	         2.71782	          9156.6	         220.958
658	           131.6	            3948	         2.69425	         9157.14	         220.958
659	           131.8	            3954	         2.67089	         9157.68	         220.959
660	             132	            3960	         2.64773	         9158.21	          220.96
661	           132.2	            3966	         2.62477	         9158.74	          220.96
662	           132.4	            3972	         2.60201	         9159.26	         220.961
663	           132.6	            3978	         2.57944	         9159.78	         220.962
664	           132.8	            3984	         2.55708	         9160.29	         220.962
665	             133	            3990	          2.5349	          9160.8	         220.963
666	           133.2	            3996	         2.51292	          9161.3	         220.963
667	           133.4	            4002	         2.49113	          9161.8	         220.964
668	           133.6	            4008	         2.46953	          9162.3	         220.965
669	           133.8	            4014	         2.44812	         9162.79	         220.965
670	             134	            4020	         2.42689	         9163.28	         220.966
671	           134.2	            4026	         2.40584	         9163.76	         220.966
672	           134.4	            4032	         2.38498	         9164.24	         220.967
673	           134.6	            4038	          2.3643	         9164.72	         220.968
674	           134.8	            4044	          2.3438	         9165.19	         220.968
675	             135	            4050	         2.32347	         9165.65	         220.969
676	           135.2	            4056	         2.30333	         9166.12	         220.969
677	           135.4	            4062	         2.28335	         9166.58	          220.97
678	           135.6	            4068	         2.26355	         9167.03	          220.97
679	           135.8	            4074	         2.24392	         9167.48	         220.971
680	             136	            4080	         2.22447	         9167.93	         220.971
681	           136.2	            4086	         2.20518	         9168.37	         220.972
682	           136.4	            4092	         2.18606	         9168.81	         220.972
683	           136.6	            4098	          2.1671	         9169.25	         220.973
684	           136.8	            4104	         2.14831	         9169.68	         220.973
685	             137	            4110	         2.12968	          9170.1	         220.974
686	           137.2	            4116	         2.11121	         9170.53	         220.975
687	           137.4	            4122	          2.0929	         9170.95	         220.975
688	           137.6	            4128	         2.07476	         9171.37	         220.976
689	           137.8	            4134	         2.05676	         9171.78	         220.976
690	             138	            4140	         2.03893	         9172.19	         220.977
691	           138.2	            4146	         2.02125	         9172.59	         220.977
692	           138.4	            4152	         2.00372	            9173	         220.977
693	           138.6	            4158	         1.98635	          9173.4	         220.978
694	           138.8	            4164	         1.96912	         9173.79	         220.978
695	             139	            4170	         1.95205	         9174.18	         220.979
696	           139.2	            4176	         1.93512	         9174.57	         220.979
697	           139.4	            4182	         1.91834	         9174.96	          220.98
698	           139.6	            4188	          1.9017	         9175.34	          220.98
699	           139.8	            4194	         1.88521	         9175.72	         220.981
700	             140	            4200	         1.86887	         9176.09	         220.981
701	           140.2	            4206	         1.85266	         9176.47	         220.982
702	           140.4	            4212	          1.8366	         9176.83	         220.982
703	           140.6	            4218	         1.82067	          9177.2	         220.983
704	           140.8	            4224	         1.80488	         9177.56	         220.983
705	             141	            4230	         1.78923	         9177.92	         220.983
706	           141.2	            4236	         1.77372	         9178.28	         220.984
707	           141.4	            4242	         1.75834	         9178.63	         220.984
708	           141.6	            4248	         1.74309	         9178.98	         220.985
709	           141.8	            4254	         1.72797	         9179.33	         220.985
710	             142	            4260	         1.71299	         9179.67	         220.986
711	           142.2	            4266	         1.69814	         9180.01	         220.986
712	           142.4	            4272	         1.68341	         9180.35	         220.986
713	           142.6	            4278	         1.66881	         9180.69	         220.987
714	           142.8	            4284	         1.65434	         9181.02	         220.987
715	             143	            4290	            1.64	         9181.35	         220.988
716	           143.2	            4296	         1.62577	         9181.68	         220.988
717	           143.4	            4302	         1.61168	            9182	         220.988
718	           143.6	            4308	          1.5977	         9182.32	         220.989
719	           143.8	            4314	         1.58385	         9182.64	         220.989
720	             144	            4320	         1.57011	         9182.95	         220.989
721	           144.2	            4326	          1.5565	         9183.27	          220.99
722	           144.4	            4332	           1.543	         9183.58	          220.99
723	           144.6	            4338	         1.52962	         9183.88	         220.991
724	           144.8	            4344	         1.51636	         9184.19	         220.991
725	             145	            4350	         1.50321	         9184.49	         220.991
726	           145.2	            4356	         1.49017	         9184.79	         220.992
727	           145.4	            4362	         1.47725	         9185.09	         220.992
728	           145.6	            4368	         1.46444	         9185.38	         220.992
729	           145.8	            4374	         1.45174	         9185.67	         220.993
730	             146	            4380	         1.43915	         9185.96	         220.993
731	           146.2	            4386	         1.42667	         9186.25	         220.993
732	           146.4	            4392	          1.4143	         9186.53	         220.994
733	           146.6	            4398	         1.40204	         9186.81	         220.994
734	           146.8	            4404	         1.38988	         9187.09	         220.994
735	             147	            4410	         1.37783	         9187.37	         220.995
736	           147.2	            4416	         1.36588	         9187.64	         220.995
737	           147.4	            4422	         1.35404	         9187.92	         220.995
738	           147.6	            4428	          1.3423	         9188.19	         220.996
739	           147.8	            4434	         1.33066	         9188.45	         220.996
740	             148	            4440	         1.31912	         9188.72	         220.996
741	           148.2	            4446	         1.30768	         9188.98	         220.997
742	           148.4	            4452	         1.29634	         9189.24	         220.997
743	           148.6	            4458	          1.2851	          9189.5	         220.997
744	           148.8	            4464	         1.27395	         9189.76	         220.998
745	             149	            4470	         1.26291	         9190.01	         220.998
746	           149.2	            4476	         1.25196	         9190.26	         220.998
747	           149.4	            4482	          1.2411	         9190.51	         220.999
748	           149.6	            4488	         1.23034	         9190.76	         220.999
749	           149.8	            4494	         1.21967	            9191	         220.999
750	             150	            4500	         1.20909	         9191.24	         220.999
751	           150.2	            4506	         1.19861	         9191.49	             221
752	           150.4	            4512	         1.18821	         9191.72	             221
753	           150.6	            4518	         1.17791	         9191.96	             221
754	           150.8	            4524	          1.1677	          9192.2	         221.001
755	             151	            4530	         1.15757	         9192.43	         221.001
756	           151.2	            4536	         1.14753	         9192.66	         221.001
757	           151.4	            4542	         1.13758	         9192.89	         221.001
758	           151.6	            4548	         1.12772	         9193.11	         221.002
759	           151.8	            4554	         1.11794	         9193.34	         221.002
760	             152	            4560	         1.10825	         9193.56	         221.002
761	           152.2	            4566	         1.09864	         9193.78	         221.003
762	           152.4	            4572	         1.08911	            9194	         221.003
763	           152.6	            4578	         1.07966	         9194.22	         221.003
764	           152.8	            4584	          1.0703	         9194.43	         221.003
765	             153	            4590	         1.06102	         9194.65	         221.004
766	           153.2	            4596	         1.05182	         9194.86	         221.004
767	           153.4	            4602	          1.0427	         9195.07	         221.004
768	           153.6	            4608	         1.03366	         9195.27	         221.004
769	           153.8	            4614	         1.02469	         9195.48	         221.005
770	             154	            4620	         1.01581	         9195.68	         221.005
771	           154.2	            4626	           1.007	         9195.89	         221.005
772	           154.4	            4632	        0.998268	         9196.09	         221.005
773	           154.6	            4638	        0.989612	         9196.29	         221.006
774	           154.8	            4644	        0.981031	         9196.48	         221.006
775	             155	            4650	        0.972524	         9196.68	         221.006
776	           155.2	            4656	        0.964091	         9196.87	         221.006
777	           155.4	            4662	        0.955731	         9197.06	         221.006
778	           155.6	            4668	        0.947443	         9197.25	         221.007
779	           155.8	            4674	        0.939227	         9197.44	         221.007
780	             156	            4680	        0.931083	         9197.63	         221.007
781	           156.2	            4686	        0.923009	         9197.81	         221.007
782	           156.4	            4692	        0.915005	            9198	         221.008
783	           156.6	            4698	        0.907071	         9198.18	         221.008
784	           156.8	            4704	        0.899205	         9198.36	         221.008
785	             157	            4710	        0.891408	         9198.54	         221.008
786	           157.2	            4716	        0.883678	         9198.72	         221.008
787	           157.4	            4722	        0.876015	         9198.89	         221.009
788	           157.6	            4728	        0.868419	         9199.07	         221.009
789	           157.8	            4734	        0.860889	         9199.24	         221.009
790	             158	            4740	        0.853423	         9199.41	         221.009
791	           158.2	            4746	        0.846023	         9199.58	          221.01
792	           158.4	            4752	        0.838687	         9199.75	          221.01
793	           158.6	            4758	        0.831414	         9199.92	          221.01
794	           158.8	            4764	        0.824205	         9200.08	          221.01
795	             159	            4770	        0.817058	         9200.25	          221.01
796	           159.2	            4776	        0.809973	         9200.41	         221.011
797	           159.4	            4782	        0.802949	         9200.57	         221.011
798	           159.6	            4788	        0.795986	         9200.73	         221.011
799	           159.8	            4794	        0.789084	         9200.89	         221.011
800	             160	            4800	        0.782241	         9201.05	         221.011
801	           160.2	            4806	        0.775458	          9201.2	         221.011
802	           160.4	            4812	        0.768734	         9201.36	         221.012
803	           160.6	            4818	        0.762068	         9201.51	         221.012
804	           160.8	            4824	         0.75546	         9201.66	         221.012
805	             161	            4830	        0.748909	         9201.81	         221.012
806	           161.2	            4836	        0.742415	         9201.96	         221.012
807	           161.4	            4842	        0.735977	         9202.11	         221.013
808	           161.6	            4848	        0.729595	         9202.26	         221.013
809	           161.8	            4854	        0.723268	          9202.4	         221.013
810	             162	            4860	        0.716997	         9202.55	         221.013
811	           162.2	            4866	        0.710779	         9202.69	         221.013
812	           162.4	            4872	        0.704616	         9202.83	         221.013
813	           162.6	            4878	        0.698506	         9202.97	         221.014
814	           162.8	            4884	        0.692449	         9203.11	         221.014
815	             163	            4890	        0.686444	         9203.25	         221.014
816	           163.2	            4896	        0.680492	         9203.38	         221.014
817	           163.4	            4902	        0.674591	         9203.52	         221.014
818	           163.6	            4908	        0.668741	         9203.65	         221.014
819	           163.8	            4914	        0.662942	         9203.79	         221.015
820	             164	            4920	        0.657194	         9203.92	         221.015
821	           164.2	            4926	        0.651495	         9204.05	         221.015
822	           164.4	            4932	        0.645845	         9204.18	         221.015
823	           164.6	            4938	        0.640245	         9204.31	         221.015
824	           164.8	            4944	        0.634693	         9204.44	         221.015
825	             165	            4950	        0.629189	         9204.56	         221.016
826	           165.2	            4956	        0.623734	         9204.69	         221.016
827	           165.4	            4962	        0.618325	         9204.81	         221.016
828	           165.6	            4968	        0.612963	         9204.93	         221.016
829	           165.8	            4974	        0.607648	         9205.06	         221.016
830	             166	            4980	        0.602379	         9205.18	         221.016
831	           166.2	            4986	        0.597155	          9205.3	         221.016
832	           166.4	            4992	        0.591977	         9205.42	         221.017
833	           166.6	            4998	        0.586844	         9205.53	         221.017
834	           166.8	            5004	        0.581755	         9205.65	         221.017
835	             167	            5010	         0.57671	         9205.77	         221.017
836	           167.2	            5016	        0.571709	         9205.88	         221.017
837	           167.4	            5022	        0.566752	            9206	         221.017
838	           167.6	            5028	        0.561837	         9206.11	         221.017
839	           167.8	            5034	        0.556965	         9206.22	         221.018
840	             168	            5040	        0.552136	         9206.33	         221.018
841	           168.2	            5046	        0.547348	         9206.44	         221.018
842	           168.4	            5052	        0.542602	         9206.55	         221.018
843	           168.6	            5058	        0.537896	         9206.66	         221.018
844	           168.8	            5064	        0.533232	         9206.77	         221.018
845	             169	            5070	        0.528608	         9206.87	         221.018
846	           169.2	            5076	        0.524024	         9206.98	         221.018
847	           169.4	            5082	         0.51948	         9207.08	         221.019
848	           169.6	            5088	        0.514976	         9207.18	         221.019
849	           169.8	            5094	         0.51051	         9207.29	         221.019
850	             170	            5100	        0.506083	         9207.39	         221.019
851	           170.2	            5106	        0.501695	         9207.49	         221.019
852	           170.4	            5112	        0.497345	         9207.59	         221.019
853	           170.6	            5118	        0.493032	         9207.69	         221.019
854	           170.8	            5124	        0.488757	         9207.79	         221.019
855	             171	            5130	        0.484518	         9207.88	          221.02
856	           171.2	            5136	        0.480317	         9207.98	          221.02
857	           171.4	            5142	        0.476152	         9208.08	          221.02
858	           171.6	            5148	        0.472023	         9208.17	          221.02
859	           171.8	            5154	         0.46793	         9208.27	          221.02
860	             172	            5160	        0.463872	         9208.36	          221.02
861	           172.2	            5166	         0.45985	         9208.45	          221.02
862	           172.4	            5172	        0.455862	         9208.54	          221.02
863	           172.6	            5178	        0.451909	         9208.63	          221.02
864	           172.8	            5184	        0.447991	         9208.72	         221.021
865	             173	            5190	        0.444106	         9208.81	         221.021
866	           173.2	            5196	        0.440255	          9208.9	         221.021
867	           173.4	            5202	        0.436437	         9208.99	         221.021
868	           173.6	            5208	        0.432653	         9209.08	         221.021
869	           173.8	            5214	        0.428901	         9209.16	         221.021
870	             174	            5220	        0.425182	         9209.25	         221.021
871	           174.2	            5226	        0.421495	         9209.33	         221.021
872	           174.4	            5232	         0.41784	         9209.42	         221.021
873	           174.6	            5238	        0.414217	          9209.5	         221.021
874	           174.8	            5244	        0.410625	         9209.58	         221.022
875	             175	            5250	        0.407064	         9209.66	         221.022
876	           175.2	            5256	        0.403534	         9209.74	         221.022
877	           175.4	            5262	        0.400035	         9209.82	         221.022
878	           175.6	            5268	        0.396566	          9209.9	         221.022
879	           175.8	            5274	        0.393127	         9209.98	         221.022
880	             176	            5280	        0.389718	         9210.06	         221.022
881	           176.2	            5286	        0.386339	         9210.14	         221.022
882	           176.4	            5292	        0.382989	         9210.22	         221.022
883	           176.6	            5298	        0.379668	         9210.29	         221.022
884	           176.8	            5304	        0.376375	         9210.37	         221.023
885	             177	            5310	        0.373112	         9210.44	         221.023
886	           177.2	            5316	        0.369876	         9210.52	         221.023
887	           177.4	            5322	        0.366669	         9210.59	         221.023
888	           177.6	            5328	        0.363489	         9210.66	         221.023
889	           177.8	            5334	        0.360337	         9210.74	         221.023
890	             178	            5340	        0.357213	         9210.81	         221.023
891	           178.2	            5346	        0.354115	         9210.88	         221.023
892	           178.4	            5352	        0.351045	         9210.95	         221.023
893	           178.6	            5358	        0.348001	         9211.02	         221.023
894	           178.8	            5364	        0.344983	         9211.09	         221.023
895	             179	            5370	        0.341991	         9211.16	         221.023
896	           179.2	            5376	        0.339026	         9211.23	         221.024
897	           179.4	            5382	        0.336086	         9211.29	         221.024
898	           179.6	            5388	        0.333172	         9211.36	         221.024
899	           179.8	            5394	        0.330283	         9211.43	         221.024
900	             180	            5400	        0.327419	         9211.49	         221.024
901	           180.2	            5406	        0.324579	         9211.56	         221.024
902	           180.4	            5412	        0.321765	         9211.62	         221.024
903	           180.6	            5418	        0.318975	         9211.69	         221.024
904	           180.8	            5424	        0.316209	         9211.75	         221.024
905	             181	            5430	        0.313467	         9211.81	         221.024
906	           181.2	            5436	        0.310749	         9211.87	         221.024
907	           181.4	            5442	        0.308054	         9211.94	         221.024
908	           181.6	            5448	        0.305383	            9212	         221.024
909	           181.8	            5454	        0.302735	         9212.06	         221.025
910	             182	            5460	        0.300109	         9212.12	         221.025
911	           182.2	            5466	        0.297507	         9212.18	         221.025
912	           182.4	            5472	        0.294927	         9212.24	         221.025
913	           182.6	            5478	         0.29237	          9212.3	         221.025
914	           182.8	            5484	        0.289834	         9212.35	         221.025
915	             183	            5490	        0.287321	         9212.41	         221.025
916	           183.2	            5496	         0.28483	         9212.47	         221.025
917	           183.4	            5502	         0.28236	         9212.53	         221.025
918	           183.6	            5508	        0.279911	         9212.58	         221.025
919	           183.8	            5514	        0.277484	         9212.64	         221.025
920	             184	            5520	        0.275078	         9212.69	         221.025
921	           184.2	            5526	        0.272693	         9212.75	         221.025
922	           184.4	            5532	        0.270328	          9212.8	         221.025
923	           184.6	            5538	        0.267984	         9212.86	         221.026
924	           184.8	            5544	         0.26566	         9212.91	         221.026
925	             185	            5550	        0.263356	         9212.96	         221.026
926	           185.2	            5556	        0.261073	         9213.02	         221.026
927	           185.4	            5562	        0.258809	         9213.07	         221.026
928	           185.6	            5568	        0.256565	         9213.12	         221.026
929	           185.8	            5574	         0.25434	         9213.17	         221.026
930	             186	            5580	        0.252134	         9213.22	         221.026
931	           186.2	            5586	        0.249948	         9213.27	         221.026
932	           186.4	            5592	        0.247781	         9213.32	         221.026
933	           186.6	            5598	        0.245632	         9213.37	         221.026
934	           186.8	            5604	        0.243502	         9213.42	         221.026
935	             187	            5610	        0.241391	         9213.47	         221.026
936	           187.2	            5616	        0.239297	         9213.52	         221.026
937	           187.4	            5622	        0.237222	         9213.56	         221.026
938	           187.6	            5628	        0.235165	         9213.61	         221.026
939	           187.8	            5634	        0.233126	         9213.66	         221.026
940	             188	            5640	        0.231104	          9213.7	         221.027
941	           188.2	            5646	          0.2291	         9213.75	         221.027
942	           188.4	            5652	        0.227114	          9213.8	         221.027
943	           188.6	            5658	        0.225144	         9213.84	         221.027
944	           188.8	            5664	        0.223192	         9213.89	         221.027
945	             189	            5670	        0.221257	         9213.93	         221.027
946	           189.2	            5676	        0.219338	         9213.97	         221.027
947	           189.4	            5682	        0.217436	         9214.02	         221.027
948	           189.6	            5688	        0.215551	         9214.06	         221.027
949	           189.8	            5694	        0.213682	          9214.1	         221.027
950	             190	            5700	        0.211829	         9214.15	         221.027
951	           190.2	            5706	        0.209992	         9214.19	         221.027
952	           190.4	            5712	        0.208171	         9214.23	         221.027
953	           190.6	            5718	        0.206366	         9214.27	         221.027
954	           190.8	            5724	        0.204576	         9214.31	         221.027
955	             191	            5730	        0.202802	         9214.35	         221.027
956	           191.2	            5736	        0.201044	         9214.39	         221.027
957	           191.4	            5742	          0.1993	         9214.43	         221.027
958	           191.6	            5748	        0.197572	         9214.47	         221.027
959	           191.8	            5754	        0.195859	         9214.51	         221.028
960	             192	            5760	         0.19416	         9214.55	         221.028
961	           192.2	            5766	        0.192477	         9214.59	         221.028
962	           192.4	            5772	        0.190808	         9214.63	         221.028
963	           192.6	            5778	        0.189153	         9214.67	         221.028
964	           192.8	            5784	        0.187513	          9214.7	         221.028
965	             193	            5790	        0.185887	         9214.74	         221.028
966	           193.2	            5796	        0.184275	         9214.78	         221.028
967	           193.4	            5802	        0.182677	         9214.82	         221.028
968	           193.6	            5808	        0.181093	         9214.85	         221.028
969	           193.8	            5814	        0.179523	         9214.89	         221.028
970	             194	            5820	        0.177966	         9214.92	         221.028
971	           194.2	            5826	        0.176423	         9214.96	         221.028
972	           194.4	            5832	        0.174893	         9214.99	         221.028
973	           194.6	            5838	        0.173376	         9215.03	         221.028
974	           194.8	            5844	        0.171873	         9215.06	         221.028
975	             195	            5850	        0.170383	          9215.1	         221.028
976	           195.2	            5856	        0.168905	         9215.13	         221.028
977	           195.4	            5862	         0.16744	         9215.17	         221.028
978	           195.6	            5868	        0.165989	          9215.2	         221.028
979	           195.8	            5874	        0.164549	         9215.23	         221.028
980	             196	            5880	        0.163122	         9215.26	         221.028
981	           196.2	            5886	        0.161708	          9215.3	         221.028
982	           196.4	            5892	        0.160306	         9215.33	         221.028
983	           196.6	            5898	        0.158915	         9215.36	         221.029
984	           196.8	            5904	        0.157537	         9215.39	         221.029
985	             197	            5910	        0.156171	         9215.42	         221.029
986	           197.2	            5916	        0.154817	         9215.46	         221.029
987	           197.4	            5922	        0.153475	         9215.49	         221.029
988	           197.6	            5928	        0.152144	         9215.52	         221.029
989	           197.8	            5934	        0.150825	         9215.55	         221.029
990	             198	            5940	        0.149517	         9215.58	         221.029
991	           198.2	            5946	         0.14822	         9215.61	         221.029
992	           198.4	            5952	        0.146935	         9215.64	         221.029
993	           198.6	            5958	        0.145661	         9215.67	         221.029
994	           198.8	            5964	        0.144398	         9215.69	         221.029
995	             199	            5970	        0.143145	         9215.72	         221.029
996	           199.2	            5976	        0.141904	         9215.75	         221.029
997	           199.4	            5982	        0.140674	         9215.78	         221.029
998	           199.6	            5988	        0.139454	         9215.81	         221.029
999	           199.8	            5994	        0.138245	         9215.84	         221.029
1000	             200	            6000	        0.137046	         9215.86	         221.029
