    i	            Time	       Res.Pres.	        Aq.Pres.	        Wat.Flow	      Cumulative
    0	               0	             230	             230	               0	               0
    1	    0.8333333333	     229.4504529	             230	     10.99094115	               0
    2	     1.666666667	     228.9058932	     229.9955815	      21.7937652	     4.542638502
    3	             2.5	     228.3715947	     229.9824372	     32.21684962	     18.05627982
    4	     3.333333333	     227.8472472	     229.9608299	     42.27165402	     40.27061933
    5	     4.166666667	     227.3324966	     229.9310583	     51.97123446	      70.8786682
    6	               5	     226.8270005	     229.8934108	     61.32820649	     109.5838651
    7	     5.833333333	     226.3304286	     229.8481657	      70.3547404	      156.100175
    8	     6.666666667	     225.8424624	     229.7955912	     79.06257667	     210.1517227
    9	             7.5	     225.3627942	     229.7359463	     87.46304103	     271.4724334
   10	     8.333333333	     224.8911274	     229.6694804	     95.56705905	     339.8056874
   11	     9.166666667	     224.4271758	     229.5964343	     103.3851702	     414.9039851
   12	              10	     223.9706632	     229.5170403	     110.9275414	     496.5286258
   13	     10.83333333	     223.5213232	     229.4315222	     118.2039802	     584.4493956
   14	     11.66666667	     223.0788986	      229.340096	     125.2239473	     678.4442684
   15	            12.5	     222.6431415	     229.2429699	     131.9965686	     778.2991158
   16	     13.33333333	     222.2138125	     229.1403449	     138.5306476	     883.8074278
   17	     14.16666667	     221.7906808	     229.0324146	     144.8346759	     994.7700437
   18	              15	     221.3735237	     228.9193659	     150.9168448	     1110.994892
   19	     15.83333333	     220.9621262	      228.801379	     156.7850555	     1232.296738
   20	     16.66666667	      220.556281	     228.6786275	     162.4469296	     1358.496946
   21	            17.5	     220.1557882	     228.5512791	     167.9098188	     1489.423241
   22	     18.33333333	     219.7604547	     228.4194954	     173.1808143	     1624.909484
   23	     19.16666667	     219.3700944	     228.2834322	     178.2667562	      1764.79546
   24	              20	     218.9845276	     228.1432397	      183.174242	      1908.92666
   25	     20.83333333	     218.6035812	      227.999063	     187.9096358	     2057.154087
   26	     21.66666667	      218.227088	     227.8510418	     192.4790757	     2209.334054
   27	            22.5	     217.8548866	     227.6993107	     196.8884823	     2365.327998
   28	     23.33333333	     217.4868216	         227.544	     201.1435664	     2525.002302
   29	     24.16666667	     217.1227429	     227.3852347	     205.2498359	     2688.228114
   30	              25	     216.7625057	     227.2231359	     209.2126037	     2854.881182
   31	     25.83333333	     216.4059703	       227.05782	     213.0369938	     3024.841686
   32	     26.66666667	      216.053002	     226.8893994	     216.7279487	      3197.99409
   33	            27.5	     215.7034708	     226.7179826	      220.290235	     3374.226978
   34	     28.33333333	     215.3572514	     226.5436739	     223.7284504	     3553.432917
   35	     29.16666667	     215.0142227	     226.3665742	     227.0470293	     3735.508312
   36	              30	     214.6742682	     226.1867806	     230.2502484	     3920.353269
   37	     30.83333333	     214.9001597	     226.0043868	     222.0845427	     4107.871467
   38	     31.66666667	     215.1235545	     225.8240089	     214.0090877	     4293.317138
   39	            32.5	     215.3388832	      225.650144	     206.2252151	     4472.066879
   40	     33.33333333	     215.5463807	     225.4826023	     198.7244337	     4644.315678
   41	     34.16666667	      215.746331	     225.3211545	     191.4964691	     4810.299484
   42	              35	     215.9390088	     225.1655788	     184.5313985	     4970.246161
   43	     35.83333333	     216.1246786	     225.0156616	       177.81966	      5124.37529
   44	     36.66666667	     216.3035952	     224.8711972	     171.3520396	     5272.898465
   45	            37.5	     216.4760044	     224.7319873	     165.1196581	     5416.019586
   46	     38.33333333	     216.6421426	     224.5978406	     159.1139595	     5553.935135
   47	     39.16666667	     216.8022382	     224.4685731	     153.3266989	     5686.834447
   48	              40	     216.9565107	     224.3440073	     147.7499315	     5814.899972
   49	     40.83333333	     217.1051721	     224.2239722	      142.376001	     5938.307525
   50	     41.66666667	     217.2484265	      224.108303	     137.1975301	     6057.226523
   51	            42.5	     217.3864704	     223.9968408	     132.2074095	     6171.820223
   52	     43.33333333	     217.5194934	     223.8894328	     127.3987885	     6282.245945
   53	     44.16666667	     217.6476781	     223.7859314	     122.7650657	     6388.655285
   54	              45	     217.7712005	     223.6861945	     118.2998797	     6491.194325
   55	     45.83333333	     217.8902302	     223.5900852	     113.9971006	     6590.003837
   56	     46.66666667	     218.0049305	     223.4974716	     109.8508212	      6685.21947
   57	            47.5	      218.115459	     223.4082265	     105.8553495	     6776.971938
   58	     48.33333333	     218.2219674	     223.3222274	     102.0052003	     6865.387205
   59	     49.16666667	     218.3246018	     223.2393562	     98.29508791	      6950.58665
   60	              50	     218.4235033	     223.1594993	     94.71991898	     7032.687237
   61	     50.83333333	     218.5188076	     223.0825468	     91.27478537	     7111.801679
   62	     51.66666667	     218.6106454	     223.0083933	     87.95495746	     7188.038587
   63	            52.5	      218.699143	     222.9369369	     84.75587765	     7261.502621
   64	     53.33333333	     218.7844217	     222.8680794	     81.67315412	     7332.294636
   65	     54.16666667	     218.8665987	     222.8017264	     78.70255478	     7400.511819
   66	              55	     218.9457868	     222.7377868	     75.84000148	      7466.24782
   67	     55.83333333	     219.0220946	     222.6761729	     73.08156439	     7529.592884
   68	     56.66666667	      219.095627	     222.6167999	     70.42345661	     7590.633975
   69	            57.5	     219.1664849	     222.5595864	     67.86202898	     7649.454892
   70	     58.33333333	     219.2347656	     222.5044539	     65.39376507	     7706.136386
   71	     59.16666667	     219.3005628	     222.4513266	     63.01527636	     7760.756273
   72	              60	     219.3639668	     222.4001317	     60.72329756	     7813.389536
   73	     60.83333333	     219.4250647	     222.3507988	     58.51468214	     7864.108432
   74	     61.66666667	     219.4839404	     222.3032603	     56.38639803	     7912.982592
   75	            62.5	     219.5406746	     222.2574508	     54.33552344	      7960.07911
   76	     63.33333333	     219.5953453	     222.2133075	     52.35924285	     8005.462644
   77	     64.16666667	     219.6480276	     222.1707697	     50.45484312	     8049.195496
   78	              65	     219.6987937	     222.1297792	     48.61970984	     8091.337707
   79	     65.83333333	     219.7477133	     222.0902795	     46.85132365	     8131.947129
   80	     66.66666667	     219.7948537	     222.0522165	     45.14725684	     8171.079514
   81	            67.5	     219.8402794	     222.0155379	     43.50517001	     8208.788584
   82	     68.33333333	      219.884053	     221.9801934	     41.92280882	     8245.126107
   83	     69.16666667	     219.9262344	     221.9461345	     40.39800095	     8280.141969
   84	              70	     219.9668816	     221.9133143	     38.92865309	     8313.884241
   85	     70.83333333	     220.0060504	     221.8816879	     37.51274804	     8346.399246
   86	     71.66666667	     220.0437946	     221.8512117	     36.14834201	     8377.731623
   87	            72.5	      220.080166	      221.821844	     34.83356187	     8407.924384
   88	     73.33333333	     220.1152144	     221.7935445	     33.56660265	      8437.01898
   89	     74.16666667	     220.1489881	     221.7662743	     32.34572501	     8465.055354
   90	              75	     220.1815333	      221.739996	     31.16925288	     8492.071994
   91	     75.83333333	     220.2128949	     221.7146734	     30.03557116	     8518.105991
   92	     76.66666667	     220.2431157	     221.6902719	     28.94312348	     8543.193084
   93	            77.5	     220.2722374	     221.6667579	     27.89041009	     8567.367715
   94	     78.33333333	     220.3002999	     221.6440992	     26.87598577	      8590.66307
   95	     79.16666667	     220.3273417	     221.6222646	     25.89845789	     8613.111132
   96	              80	     220.3533999	     221.6012241	     24.95648445	     8634.742718
   97	     80.83333333	     220.3785103	     221.5809489	     24.04877228	     8655.587524
   98	     81.66666667	     220.4027075	     221.5614112	     23.17407523	     8675.674167
   99	            82.5	     220.4260245	     221.5425841	     22.33119248	     8695.030223
  100	     83.33333333	     220.4484935	     221.5244418	     21.51896689	     8713.682264
  101	     84.16666667	     220.4701452	     221.5069593	     20.73628341	     8731.655897
  102	              85	     220.4910094	     221.4901128	     19.98206753	     8748.975797
  103	     85.83333333	     220.5111147	     221.4738789	     19.25528384	      8765.66574
  104	     86.66666667	     220.5304888	     221.4582355	     18.55493457	     8781.748641
  105	            87.5	     220.5491582	     221.4431611	     17.88005827	     8797.246577
  106	     88.33333333	     220.5671485	      221.428635	     17.22972843	     8812.180826
  107	     89.16666667	     220.5844846	     221.4146372	     16.60305226	     8826.571889
  108	              90	       220.60119	     221.4011485	     15.99916942	     8840.439524
  109	     90.83333333	     220.6172879	     221.3881505	     15.41725089	     8853.802767
  110	     91.66666667	     220.6328003	     221.3756252	     14.85649777	     8866.679966
  111	            92.5	     220.6477484	     221.3635554	     14.31614026	     8879.088798
  112	     93.33333333	     220.6621529	     221.3519247	     13.79543652	     8891.046298
  113	     94.16666667	     220.6760334	      221.340717	     13.29367171	     8902.568882
  114	              95	     220.6894091	     221.3299169	     12.81015699	     8913.672369
  115	     95.83333333	     220.7022983	     221.3195097	     12.34422857	     8924.372003
  116	     96.66666667	     220.7147187	      221.309481	      11.8952468	     8934.682472
  117	            97.5	     220.7266873	     221.2998171	     11.46259531	      8944.61793
  118	     98.33333333	     220.7382206	     221.2905046	     11.04568012	     8954.192018
  119	     99.16666667	     220.7493344	     221.2815309	     10.64392889	     8963.417879
  120	             100	      220.760044	     221.2728835	     10.25679008	     8972.308179
  121	     100.8333333	     220.7703641	     221.2645507	     9.883732198	     8980.875123
  122	     101.6666667	     220.7803088	     221.2565209	     9.524243103	     8989.130471
  123	           102.5	     220.7898918	     221.2487832	     9.177829272	     8997.085558
  124	     103.3333333	     220.7991262	      221.241327	     8.844015134	     9004.751304
  125	     104.1666667	     220.8080248	     221.2341419	     8.522342416	     9012.138233
  126	             105	     220.8165997	     221.2272182	     8.212369512	     9019.256486
  127	     105.8333333	     220.8248627	     221.2205463	      7.91367088	     9026.115836
  128	     106.6666667	     220.8328252	     221.2141171	     7.625836454	     9032.725699
  129	           107.5	     220.8404981	     221.2079217	     7.348471083	     9039.095149
  130	     108.3333333	     220.8478919	     221.2019516	     7.081193988	      9045.23293
  131	     109.1666667	     220.8550168	     221.1961987	     6.823638242	      9051.14747
  132	             110	     220.8618825	      221.190655	     6.575450261	     9056.846887
  133	     110.8333333	     220.8684985	      221.185313	     6.336289323	     9062.339006
  134	     111.6666667	     220.8748739	     221.1801653	     6.105827097	     9067.631367
  135	           112.5	     220.8810174	     221.1752048	     5.883747197	     9072.731235
  136	     113.3333333	     220.8869375	     221.1704247	     5.669744742	     9077.645612
  137	     114.1666667	     220.8926422	     221.1658185	      5.46352594	     9082.381244
  138	             115	     220.8981394	     221.1613798	     5.264807687	     9086.944633
  139	     115.8333333	     220.9034367	     221.1571026	     5.073317173	     9091.342043
  140	     116.6666667	     220.9085413	     221.1529809	     4.888791514	     9095.579511
  141	           117.5	     220.9134603	     221.1490091	     4.710977384	     9099.662855
  142	     118.3333333	     220.9182003	     221.1451818	     4.539630674	     9103.597681
  143	     119.1666667	     220.9227679	     221.1414937	     4.374516151	     9107.389389
  144	             120	     220.9271694	     221.1379398	      4.21540714	     9111.043187
  145	     120.8333333	     220.9314109	     221.1345151	      4.06208521	     9114.564089
  146	     121.6666667	      220.935498	      221.131215	     3.914339873	      9117.95693
  147	           122.5	     220.9394365	     221.1280349	       3.7719683	     9121.226367
  148	     123.3333333	     220.9432317	     221.1249705	     3.634775037	     9124.376889
  149	     124.1666667	     220.9468889	     221.1220175	     3.502571739	     9127.412821
  150	             125	     220.9504131	     221.1191719	     3.375176913	      9130.33833
  151	     125.8333333	     220.9538091	     221.1164299	     3.252415665	     9133.157433
  152	     126.6666667	     220.9570816	     221.1137876	     3.134119465	     9135.874001
  153	           127.5	      220.960235	     221.1112413	      3.02012591	     9138.491762
  154	     128.3333333	     220.9632738	     221.1087877	     2.910278505	      9141.01431
  155	     129.1666667	      220.966202	     221.1064233	     2.804426448	     9143.445109
  156	             130	     220.9690237	      221.104145	      2.70242442	     9145.787495
  157	     130.8333333	     220.9717428	     221.1019495	     2.604132389	     9148.044684
  158	     131.6666667	      220.974363	     221.0998338	     2.509415416	     9150.219776
  159	           132.5	     220.9768879	     221.0977951	     2.418143469	     9152.315755
  160	     133.3333333	      220.979321	     221.0958306	     2.330191247	       9154.3355
  161	     134.1666667	     220.9816656	     221.0939375	     2.245438005	     9156.281783
  162	             135	     220.9839249	     221.0921132	     2.163767391	     9158.157277
  163	     135.8333333	      220.986102	     221.0903553	     2.085067284	     9159.964555
  164	     136.6666667	     220.9881999	     221.0886614	     2.009229641	     9161.706099
  165	           137.5	     220.9902215	      221.087029	      1.93615035	       9163.3843
  166	     138.3333333	     220.9921696	     221.0854561	     1.865729084	     9165.001462
  167	     139.1666667	     220.9940469	     221.0839403	     1.797869165	     9166.559805
  168	             140	     220.9958558	     221.0824797	     1.732477434	     9168.061468
  169	     140.8333333	      220.997599	     221.0810722	     1.669464117	     9169.508513
  170	     141.6666667	     220.9992787	     221.0797159	     1.608742708	     9170.902927
  171	           142.5	     221.0008974	     221.0784089	     1.550229846	     9172.246623
  172	     143.3333333	     221.0024572	     221.0771495	     1.493845202	     9173.541446
  173	     144.1666667	     221.0039603	     221.0759358	     1.439511368	     9174.789175
  174	             145	     221.0054087	     221.0747663	     1.387153754	     9175.991521
  175	     145.8333333	     221.0068044	     221.0736394	      1.33670048	     9177.150136
  176	     146.6666667	     221.0081493	     221.0725534	     1.288082282	     9178.266609
  177	           147.5	     221.0094453	      221.071507	     1.241232415	     9179.342475
  178	     148.3333333	     221.0106942	     221.0704986	     1.196086563	      9180.37921
  179	     149.1666667	     221.0118977	     221.0695268	     1.152582746	     9181.378236
  180	             150	     221.0130574	     221.0685905	     1.110661241	     9182.340927
  181	     150.8333333	     221.0141749	     221.0676881	     1.070264496	     9183.268602
  182	     151.6666667	     221.0152518	     221.0668186	     1.031337054	     9184.162536
  183	           152.5	     221.0162895	     221.0659807	    0.9938254723	     9185.023956
  184	     153.3333333	     221.0172894	     221.0651733	    0.9576782546	     9185.854045
  185	     154.1666667	      221.018253	     221.0643953	     0.922845776	     9186.653942
  186	             155	     221.0191816	     221.0636456	    0.8892802173	     9187.424746
  187	     155.8333333	     221.0200763	     221.0629231	    0.8569354983	     9188.167513
  188	     156.6666667	     221.0209385	     221.0622269	    0.8257672148	     9188.883265
  189	           157.5	     221.0217694	      221.061556	    0.7957325778	     9189.572984
  190	     158.3333333	       221.02257	     221.0609096	    0.7667903544	     9190.237617
  191	     159.1666667	     221.0233416	     221.0602866	    0.7389008118	     9190.878075
  192	             160	      221.024085	     221.0596863	    0.7120256618	     9191.495239
  193	     160.8333333	     221.0248014	     221.0591078	    0.6861280094	     9192.089956
  194	     161.6666667	     221.0254918	     221.0585504	    0.6611723011	     9192.663042
  195	           162.5	     221.0261571	     221.0580133	    0.6371242768	     9193.215283
  196	     163.3333333	     221.0267981	     221.0574957	    0.6139509223	     9193.747439
  197	     164.1666667	     221.0274158	     221.0569969	    0.5916204243	     9194.260239
  198	             165	     221.0280111	     221.0565162	    0.5701021267	     9194.754388
  199	     165.8333333	     221.0285847	     221.0560531	    0.5493664882	     9195.230563
  200	     166.6666667	     221.0291375	     221.0556067	    0.5293850421	      9195.68942
  201	           167.5	     221.0296701	     221.0551767	    0.5101303571	     9196.131586
  202	     168.3333333	     221.0301834	     221.0547622	    0.4915759996	     9196.557671
  203	     169.1666667	      221.030678	     221.0543629	    0.4736964974	     9196.968258
  204	             170	     221.0311546	      221.053978	    0.4564673049	     9197.363911
  205	     170.8333333	     221.0316139	     221.0536072	     0.439864769	     9197.745173
  206	     171.6666667	     221.0320565	     221.0532498	    0.4238660971	     9198.112569
  207	           172.5	      221.032483	     221.0529055	    0.4084493257	     9198.466601
  208	     173.3333333	      221.032894	     221.0525736	      0.39359329	     9198.807757
  209	     174.1666667	       221.03329	     221.0522539	     0.379277595	     9199.136504
  210	             175	     221.0336716	     221.0519457	    0.3654825875	     9199.453294
  211	     175.8333333	     221.0340393	     221.0516488	    0.3521893292	     9199.758562
  212	     176.6666667	     221.0343937	     221.0513627	    0.3393795706	     9200.052727
  213	           177.5	     221.0347352	      221.051087	     0.327035726	     9200.336192
  214	     178.3333333	     221.0350642	     221.0508213	    0.3151408491	     9200.609348
  215	     179.1666667	     221.0353813	     221.0505652	    0.3036786103	     9200.872568
  216	             180	     221.0356869	     221.0503185	    0.2926332737	     9201.126214
  217	     180.8333333	     221.0359813	     221.0500808	    0.2819896759	     9201.370635
  218	     181.6666667	      221.036265	     221.0498517	    0.2717332048	     9201.606166
  219	           182.5	     221.0365384	     221.0496309	      0.26184978	      9201.83313
  220	     183.3333333	     221.0368019	     221.0494182	    0.2523258331	     9202.051839
  221	     184.1666667	     221.0370558	     221.0492132	    0.2431482892	     9202.262593
  222	             185	     221.0373004	     221.0490157	    0.2343045492	     9202.465682
  223	     185.8333333	     221.0375362	     221.0488253	    0.2257824718	     9202.661384
  224	     186.6666667	     221.0377634	     221.0486419	    0.2175703577	     9202.849968
  225	           187.5	     221.0379823	     221.0484651	    0.2096569329	     9203.031692
  226	     188.3333333	     221.0381932	     221.0482948	    0.2020313336	     9203.206808
  227	     189.1666667	     221.0383965	     221.0481307	    0.1946830911	     9203.375553
  228	             190	     221.0385924	     221.0479725	    0.1876021173	     9203.538162
  229	     190.8333333	     221.0387811	     221.0478201	    0.1807786913	     9203.694856
  230	     191.6666667	      221.038963	     221.0476732	    0.1742034456	      9203.84585
  231	           192.5	     221.0391383	     221.0475317	    0.1678673533	     9203.991353
  232	     193.3333333	     221.0393072	     221.0473953	    0.1617617161	     9204.131564
  233	     194.1666667	       221.03947	     221.0472639	    0.1558781519	     9204.266674
  234	             195	     221.0396268	     221.0471372	    0.1502085835	     9204.396871
  235	     195.8333333	      221.039778	     221.0470152	    0.1447452275	     9204.522332
  236	     196.6666667	     221.0399236	     221.0468976	    0.1394805835	      9204.64323
  237	           197.5	     221.0400639	     221.0467843	    0.1344074241	     9204.759731
  238	     198.3333333	     221.0401992	     221.0466751	    0.1295187847	     9204.871994
  239	     199.1666667	     221.0403295	     221.0465699	    0.1248079538	     9204.980174
  240	             200	     221.0404551	     221.0464685	    0.1202684643	     9205.084419
