    i	               t	     evaluations	         y_aprox	         y_exact	     exact_error	        Sy_aprox	        Sy_exact	         S_error
    0	               0	               0	             400	             400	               0	               0	               0	             nan
    1	     1.005025126	               2	     383.0027874	     382.9973827	  1.41115083e-05	     393.4687374	     393.4041698	 0.0001641253579
    2	     2.010050251	               3	     366.7356771	     366.7174879	 4.960005315e-05	     770.0994394	     770.0860882	  1.73372856e-05
    3	     3.015075377	               4	     351.1592949	     351.1295951	 8.458346238e-05	     1130.850682	      1130.75656	  8.32374078e-05
    4	     4.020100503	               5	     336.2444931	     336.2042898	 0.0001195800911	     1476.168903	     1476.096177	 4.926902728e-05
    5	     5.025125628	               6	     321.9631682	     321.9134076	 0.0001545776603	     1806.926522	     1806.756601	 9.404744838e-05
    6	     6.030150754	               7	     308.2884146	     308.2299814	  0.000189576461	     2123.534257	     2123.361793	 8.122194268e-05
    7	     7.035175879	               8	     295.1944692	     295.1281904	 0.0002245764862	     2426.791988	     2426.509193	 0.0001165436658
    8	     8.040201005	               9	     282.6566635	     282.5833112	 0.0002595777362	     2717.076285	     2716.770845	 0.0001124277473
    9	     9.045226131	              10	     270.6513765	     270.5716715	  0.000294580211	     2995.120527	     2994.694477	 0.0001422680439
   10	     10.05025126	              11	     259.1559905	      259.070605	 0.0003295839106	     3261.269974	     3260.804537	 0.0001427369023
   11	     11.05527638	              12	     248.1488485	     248.0584091	 0.0003645888352	     3516.197029	     3515.603178	 0.0001689187255
   12	     12.06030151	              13	     237.6092132	     237.5143036	 0.0003995949846	     3760.218248	     3759.571209	 0.0001721044863
   13	     13.06532663	              14	     227.5172282	     227.4183916	 0.0004346023591	     3993.950128	     3993.169002	 0.0001956154541
   14	     14.07035176	              15	     217.8538805	     217.7516219	 0.0004696109586	     4217.682907	     4216.837361	 0.0002005164795
   15	     15.07537688	              16	     208.6009645	     208.4957532	 0.0005046207832	     4431.981824	     4430.998351	  0.000221952767
   16	     16.08040201	              17	     199.7410479	     199.6333194	 0.0005396318329	     4637.112986	     4636.056098	 0.0002279713015
   17	     17.08542714	              18	     191.2574389	     191.1475971	 0.0005746441077	     4833.594637	     4832.397549	 0.0002477214881
   18	     18.09045226	              19	     183.1341546	     183.0225735	 0.0006096576077	     5021.670761	     5020.393203	 0.0002544736215
   19	     19.09547739	              20	     175.3558908	     175.2429166	  0.000644672333	     5201.816512	     5200.397812	  0.000272806085
   20	     20.10050251	              21	     167.9079935	      167.793946	 0.0006796882836	     5374.255589	     5372.751047	 0.0002800318468
   21	     21.10552764	              22	     160.7764311	     160.6616053	 0.0007147054595	     5539.423641	     5537.778142	 0.0002971406425
   22	     22.11055276	              23	     153.9477677	     153.8324359	 0.0007497238607	     5697.525768	     5695.790506	 0.0003046569449
   23	     23.11557789	              24	     147.4091384	     147.2935508	 0.0007847434874	     5848.961399	      5847.08631	 0.0003206877707
   24	     24.12060302	              25	     141.1482246	     141.0326111	 0.0008197643395	     5993.918581	     5991.951053	  0.000328361819
   25	     25.12562814	              26	     135.1532308	     135.0378023	 0.0008547864171	     6132.763533	     6130.658096	  0.000343427602
   26	     26.13065327	              27	     129.4128626	     129.2978121	 0.0008898097203	     6265.668668	     6263.469182	 0.0003511609361
   27	     27.13567839	              28	     123.9163052	     123.8018091	  0.000924834249	     6392.969757	     6390.634928	 0.0003653516432
   28	     28.14070352	              29	     118.6532034	     118.5394221	 0.0009598600034	     6514.824878	     6512.395298	 0.0003730700808
   29	     29.14572864	              30	     113.6136414	      113.500721	 0.0009948869835	     6631.541885	     6628.980056	 0.0003864591383
   30	     30.15075377	              31	      108.788125	     108.6761977	  0.001029915189	     6743.265714	     6740.609198	  0.000394106174
   31	     31.15577889	              32	     104.1675629	     104.0567482	  0.001064944621	     6850.278622	     6847.493371	 0.0004067548063
   32	     32.16080402	              33	     99.74325013	     99.63365557	  0.001099975278	     6952.713495	     6949.834268	 0.0004142871282
   33	     33.16582915	              34	     95.50685134	     95.39857328	  0.001135007161	     7050.829124	     7047.825007	 0.0004262473715
   34	     34.17085427	              35	     91.45038528	      91.3435097	   0.00117004027	     7144.747344	     7141.650498	 0.0004336317239
   35	      35.1758794	              36	     87.56620966	     87.46081285	  0.001205074605	     7234.705432	     7231.487792	 0.0004449485675
   36	     36.18090452	              37	     83.84700677	     83.74315603	  0.001240110166	     7320.815093	     7317.506413	  0.000452159498
   37	     37.18592965	              38	     80.28576972	     80.18352394	  0.001275146953	     7403.293875	      7399.86868	 0.0004628724374
   38	     38.19095477	              39	     76.87578923	     76.77519952	  0.001310184966	     7482.244197	     7478.730012	 0.0004698906415
   39	      39.1959799	              40	     73.61064096	     73.51175118	  0.001345224205	     7557.865519	     7554.239221	 0.0004800348228
   40	     40.20100503	              41	     70.48417346	     70.38702075	   0.00138026467	     7630.251744	     7626.538794	 0.0004868459026
   41	     41.20603015	              42	     67.49049653	      67.3951118	  0.001415306362	     7699.585749	     7695.765163	 0.0004964529788
   42	     42.21105528	              43	     64.62397016	     64.53037857	   0.00145034928	      7765.95363	     7762.048958	 0.0005030464942
   43	      43.2160804	              44	     61.87919386	     61.78741524	  0.001485393423	     7829.523059	     7825.515258	 0.0005121452741
   44	     44.22110553	              45	     59.25099655	      59.1610458	  0.001520438794	     7890.372974	     7886.283825	  0.000518514006
   45	     45.22613065	              46	     56.73442677	     56.64631425	   0.00155548539	     7948.657106	      7944.46933	 0.0005271309508
   46	     46.23115578	              47	     54.32474334	     54.23847524	  0.001590533213	      8004.44783	     8000.181571	 0.0005332703193
   47	      47.2361809	              48	     52.01740649	     51.93298515	  0.001625582263	     8057.886097	     8053.525677	  0.000541429927
   48	     48.24120603	              49	     49.80806924	     49.72549347	  0.001660632539	     8109.038262	     8104.602309	 0.0005473375262
   49	     49.24623116	              50	     47.69256926	     47.61183463	  0.001695684041	     8158.033558	      8153.50785	 0.0005550626312
   50	     50.25125628	              51	     45.66692099	     45.58802012	   0.00173073677	     8204.932824	     8200.334586	 0.0005607378522
   51	     51.25628141	              52	     43.72730815	     43.65023097	  0.001765790726	     8249.854547	     8245.170879	 0.0005680498602
   52	     52.26130653	              53	     41.87007656	     41.79481054	  0.001800845908	     8292.854509	     8288.101336	 0.0005734935825
   53	     53.26633166	              54	     40.09172723	     40.01825762	  0.001835902317	     8334.041345	     8329.206968	 0.0005804126569
   54	     54.27135678	              55	     38.38890981	     38.31721982	  0.001870959953	     8373.466199	     8368.565341	 0.0005856269921
   55	     55.27638191	              56	     36.75841621	     36.68848726	  0.001906018815	     8411.228675	     8406.250727	 0.0005921722019
   56	     56.28140704	              57	     35.19717463	     35.12898649	  0.001941078905	     8447.375663	     8442.334236	 0.0005971602805
   57	     57.28643216	              58	     33.70224371	     33.63577471	  0.001976140221	     8481.998486	     8476.883961	 0.0006033497187
   58	     58.29145729	              59	     32.27080706	     32.20603419	  0.002011202764	     8515.140138	     8509.965096	 0.0006081155098
   59	     59.29648241	              60	     30.90016787	     30.83706701	  0.002046266534	     8546.884346	     8541.640066	 0.0006139663891
   60	     60.30150754	              61	     29.58774388	     29.52628989	  0.002081331531	      8577.27053	     8571.968643	 0.0006185145478
   61	     61.30653266	              62	     28.33106254	     28.27122937	  0.002116397755	     8606.375458	     8601.008057	 0.0006240432777
   62	     62.31155779	              63	     27.12775626	     27.06951713	  0.002151465207	     8634.235271	     8628.813106	 0.0006283790148
   63	     63.31658291	              64	     25.97555806	     25.91888553	  0.002186533885	     8660.920353	     8655.436258	  0.000633601265
   64	     64.32160804	              65	     24.87229721	      24.8171633	   0.00222160379	     8686.463842	     8680.927752	 0.0006377302356
   65	     65.32663317	              66	      23.8158952	     23.76227148	  0.002256674923	     8710.930271	     8705.335691	 0.0006426609876
   66	     66.33165829	              67	      22.8043618	     22.75221946	  0.002291747283	      8734.35002	     8728.706133	 0.0006465891946
   67	     67.33668342	              68	     21.83579129	     21.78510126	   0.00232682087	     8756.782257	     8751.083178	 0.0006512427852
   68	     68.34170854	              69	     20.90835891	     20.85909191	  0.002361895685	     8778.254839	     8772.509052	 0.0006549764969
   69	     69.34673367	              70	      20.0203174	     19.97244402	  0.002396971727	     8798.822013	     8793.024186	 0.0006593666539
   70	     70.35175879	              71	     19.16999371	     19.12348446	  0.002432048997	     8818.509319	     8812.667293	 0.0006629123319
   71	     71.35678392	              72	     18.35578585	     18.31061124	  0.002467127494	     8837.366495	     8831.475439	 0.0006670522053
   72	     72.36180905	              73	     17.57615988	     17.53229045	  0.002502207218	     8855.416956	     8849.484116	 0.0006704164426
   73	     73.36683417	              74	     16.82964698	     16.78705339	   0.00253728817	     8872.706306	     8866.727307	 0.0006743186307
   74	      74.3718593	              75	     16.11484076	     16.07349378	   0.00257237035	     8889.256014	     8883.237549	 0.0006775080981
   75	     75.37688442	              76	     15.43039453	     15.39026512	  0.002607453757	     8905.107891	     8899.045997	 0.0006811846704
   76	     76.38190955	              77	      14.7750188	     14.73607815	  0.002642538392	     8920.281621	     8914.182484	 0.0006842060699
   77	     77.38693467	              78	     14.14747888	     14.10969841	  0.002677624254	      8934.81554	      8928.67557	 0.0006876685878
   78	      78.3919598	              79	     13.54659248	      13.5099439	  0.002712711345	     8948.727694	     8942.552606	 0.0006905286129
   79	     79.39698492	              80	     12.97122755	     12.93568289	  0.002747799663	     8962.053232	     8955.839776	 0.0006937881478
   80	     80.40201005	              81	     12.42030012	     12.38583172	  0.002782889209	       8974.8087	     8968.562155	 0.0006964934487
   81	     81.40703518	              82	     11.89277225	     11.85935283	  0.002817979983	     8987.026324	      8980.74375	  0.000699560599
   82	      82.4120603	              83	     11.38765009	     11.35525274	  0.002853071985	     8998.721276	     8992.407547	 0.0007021177533
   83	     83.41708543	              84	       10.903982	      10.8725802	  0.002888165215	     9009.923101	     9003.575556	 0.0007050026601
   84	     84.42211055	              85	     10.44085677	      10.4104244	  0.002923259673	      9020.64571	     9014.268852	 0.0007074181478
   85	     85.42713568	              86	      9.99740187	     9.967913241	  0.002958355359	     9030.916192	     9024.507613	 0.0007101305094
   86	      86.4321608	              87	     9.572781848	     9.544211706	  0.002993452273	       9040.7473	      9034.31116	 0.0007124106915
   87	     87.43718593	              88	     9.166196727	     9.138520258	  0.003028550416	     9050.163872	     9043.697992	 0.0007149597774
   88	     88.44221106	              89	     8.776880512	     8.750073351	  0.003063649786	     9059.177601	     9052.685822	 0.0007171108782
   89	     89.44723618	              90	     8.404099738	      8.37813798	  0.003098750385	     9067.811259	      9061.29161	 0.0007195055432
   90	     90.45226131	              91	     8.047152096	     8.022012296	  0.003133852212	     9076.075568	     9069.531596	 0.0007215336356
   91	     91.45728643	              92	     7.705365105	     7.681024283	  0.003168955268	     9083.991406	     9077.421329	 0.0007237823321
   92	     92.46231156	              93	     7.378094846	     7.354530492	  0.003204059551	     9091.568602	     9084.975696	 0.0007256933259
   93	     93.46733668	              94	     7.064724748	     7.041914824	  0.003239165064	     9098.826301	     9092.208954	 0.0007278041172
   94	     94.47236181	              95	      6.76466443	     6.742587367	  0.003274271804	     9105.773513	      9099.13475	 0.0007296037492
   95	     95.47738693	              96	     6.477348586	     6.455983285	  0.003309379773	     9112.427791	     9105.766155	 0.0007315843225
   96	     96.48241206	              97	     6.202235917	     6.181561752	  0.003344488971	     9118.797397	     9112.115682	 0.0007332781493
   97	     97.48743719	              98	      5.93880812	      5.91880493	  0.003379599397	     9124.898424	     9118.195312	 0.0007351358274
   98	     98.49246231	              99	     5.686568901	     5.667216993	  0.003414711052	     9130.738448	     9124.016519	 0.0007367292199
   99	     99.49748744	             100	     5.445043048	     5.426323188	  0.003449823936	     9136.332223	     9129.590286	 0.0007384709741
  100	     100.5025126	             101	     5.213775531	     5.195668947	  0.003484938048	     9141.686695	     9134.927131	  0.000739969114
  101	     101.5075377	             102	     4.992330649	      4.97481902	  0.003520053389	     9146.815392	     9140.037126	 0.0007416015761
  102	     102.5125628	             103	     4.780291203	      4.76335666	  0.003555169959	     9151.724681	     9144.929912	 0.0007430094532
  103	     103.5175879	             104	     4.577257716	     4.560882834	  0.003590287758	     9156.426967	     9149.614723	 0.0007445389274
  104	     104.5226131	             105	     4.382847678	     4.367015471	  0.003625406786	     9160.928088	     9154.100399	  0.000745861339
  105	     105.5276382	             106	     4.196694826	     4.181388739	  0.003660527042	     9165.239416	     9158.395404	 0.0007472938142
  106	     106.5326633	             107	      4.01844845	     4.003652358	  0.003695648528	     9169.366305	     9162.507843	  0.000748535365
  107	     107.5376884	             108	     3.847772739	     3.833470936	  0.003730771242	      9173.31918	     9166.445477	 0.0007498765262
  108	     108.5427136	             109	     3.684346144	     3.670523337	  0.003765895186	      9177.10295	     9170.215736	 0.0007510416297
  109	     109.5477387	             110	     3.527860772	     3.514502078	  0.003801020359	     9180.727174	     9173.825734	 0.0007522968701
  110	     110.5527638	             111	      3.37802181	     3.365112744	  0.003836146761	     9184.196354	     9177.282283	 0.0007533897505
  111	     111.5577889	             112	     3.234546964	     3.222073433	  0.003871274392	     9187.519253	     9180.591907	 0.0007545641826
  112	     112.5628141	             113	      3.09716593	      3.08511423	  0.003906403252	     9190.699997	      9183.76085	 0.0007555888775
  113	     113.5678392	             114	     2.965619886	     2.953976688	  0.003941533341	     9193.746623	     9186.795092	 0.0007566873447
  114	     114.5728643	             115	     2.839661002	      2.82841335	   0.00397666466	     9196.662914	     9189.700358	 0.0007576477089
  115	     115.5778894	             116	     2.719051974	     2.708187276	  0.004011797209	     9199.456237	     9192.482133	 0.0007586747965
  116	     116.5829146	             117	     2.603565578	     2.593071596	  0.004046930986	     9202.130061	     9195.145663	 0.0007595745054
  117	     117.5879397	             118	      2.49298424	     2.482849086	  0.004082065993	     9204.691141	     9197.695976	 0.0007605345514
  118	     118.5929648	             119	     2.387099628	     2.377311754	   0.00411720223	     9207.142658	     9200.137884	 0.0007613771057
  119	     119.5979899	             120	     2.285712256	     2.276260449	  0.004152339696	     9209.490805	     9202.475995	  0.000762274212
  120	     120.6030151	             121	     2.188631114	     2.179504486	  0.004187478392	     9211.738497	     9204.714721	 0.0007630629424
  121	     121.6080402	             122	     2.095673303	     2.086861284	  0.004222618317	     9213.891414	     9206.858286	 0.0007639009845
  122	     122.6130653	             123	     2.006663693	     1.998156025	  0.004257759472	     9215.952229	     9208.910736	 0.0007646390567
  123	     123.6180905	             124	     1.921434591	      1.91322132	  0.004292901857	     9217.926147	     9210.875943	 0.0007654216947
  124	     124.6231156	             125	     1.839825428	     1.831896895	  0.004328045472	     9219.815621	     9212.757616	 0.0007661121146
  125	     125.6281407	             126	     1.761682454	      1.75402929	  0.004363190316	     9221.625424	     9214.559306	 0.0007668428024
  126	     126.6331658	             127	     1.686858449	     1.679471568	   0.00439833639	     9223.357804	     9216.284412	 0.0007674884215
  127	      127.638191	             128	     1.615212447	     1.608083037	  0.004433483694	     9225.017136	      9217.93619	 0.0007681704173
  128	     128.6432161	             129	     1.546609469	     1.539728986	  0.004468632228	     9226.605481	     9219.517756	 0.0007687739382
  129	     129.6482412	             130	     1.480920267	      1.47428043	  0.004503781992	     9228.126853	     9221.032096	 0.0007694103131
  130	     130.6532663	             131	     1.418021085	     1.411613865	  0.004538932986	      9229.58314	     9222.482066	 0.0007699742953
  131	     131.6582915	             132	     1.357793423	     1.351611039	   0.00457408521	     9230.978022	     9223.870403	 0.0007705679428
  132	     132.6633166	             133	     1.300123812	     1.294158726	  0.004609238664	      9232.31323	     9225.199726	 0.0007710948079
  133	     133.6683417	             134	     1.244903605	     1.239148512	  0.004644393348	     9233.592138	     9226.472545	 0.0007716484527
  134	     134.6733668	             135	     1.192028768	     1.186476592	  0.004679549262	     9234.816335	      9227.69126	 0.0007721404906
  135	      135.678392	             136	     1.141399685	     1.136043574	  0.004714706407	     9235.988912	     9228.858173	  0.000772656697
  136	     136.6834171	             137	     1.092920974	     1.087754288	  0.004749864782	     9237.111326	     9229.975483	 0.0007731160709
  137	     137.6884422	             138	     1.046501301	     1.041517614	  0.004785024387	     9238.186412	     9231.045301	  0.000773597251
  138	     138.6934673	             139	     1.002053212	    0.9972463001	  0.004820185222	     9239.215506	     9232.069644	 0.0007740260032
  139	     139.6984925	             140	    0.9594929685	    0.9548568071	  0.004855347288	     9240.201208	     9233.050447	 0.0007744744249
  140	     140.7035176	             141	    0.9187403878	    0.9142691449	  0.004890510585	     9241.144741	     9233.989558	 0.0007748744822
  141	     141.7085427	             142	    0.8797186931	     0.875406724	  0.004925675111	     9242.048489	     9234.888751	 0.0007752922766
  142	     142.7135678	             143	    0.8423543682	    0.8381962102	  0.004960840869	     9242.913575	     9235.749723	 0.0007756654556
  143	      143.718593	             144	    0.8065770197	    0.8025673867	  0.004996007857	     9243.742184	     9236.574098	 0.0007760546246
  144	     144.7236181	             145	    0.7723192438	    0.7684530214	  0.005031176075	     9244.535344	     9237.363431	 0.0007764026369
  145	     145.7286432	             146	    0.7395164998	    0.7357887398	  0.005066345524	     9245.295061	     9238.119213	 0.0007767650598
  146	     146.7336683	             147	    0.7081069879	    0.7045129039	  0.005101516204	     9246.022277	     9238.842869	 0.0007770895171
  147	     147.7386935	             148	    0.6780315334	    0.6745664957	  0.005136688115	     9246.718829	     9239.535764	 0.0007774269576
  148	     148.7437186	             149	    0.6492334748	    0.6458930058	  0.005171861256	     9247.385582	     9240.199208	 0.0007777293767
  149	     149.7487437	             150	    0.6216585572	    0.6184383268	  0.005207035629	     9248.024221	      9240.83445	 0.0007780434891
  150	     150.7537688	             151	    0.5952548301	    0.5921506513	  0.005242211232	     9248.635539	     9241.442691	 0.0007783252965
  151	      151.758794	             152	    0.5699725495	     0.566980374	  0.005277388066	     9249.221081	     9242.025077	 0.0007786176321
  152	     152.7638191	             153	    0.5457640841	    0.5428799982	  0.005312566131	     9249.781572	     9242.582708	 0.0007788801687
  153	     153.7688442	             154	    0.5225838258	    0.5198040461	  0.005347745427	     9250.318431	     9243.116636	 0.0007791521812
  154	     154.7738693	             155	    0.5003881035	    0.4977089729	  0.005382925954	     9250.832322	     9243.627869	  0.000779396707
  155	     155.7788945	             156	    0.4791351009	    0.4765530849	  0.005418107712	     9251.324545	     9244.117371	 0.0007796497584
  156	     156.7839196	             157	    0.4587847779	    0.4562964606	  0.005453290701	      9251.79571	     9244.586066	 0.0007798774565
  157	     157.7889447	             158	    0.4392987949	    0.4369008754	  0.005488474922	     9252.247008	     9245.034838	 0.0007801128222
  158	     158.7939698	             159	    0.4206404408	    0.4183297294	  0.005523660373	        9252.679	     9245.464535	  0.000780324803
  159	      159.798995	             160	    0.4027745636	    0.4005479787	  0.005558847056	     9253.092776	     9245.875966	 0.0007805436772
  160	     160.8040201	             161	    0.3856675046	    0.3835220687	   0.00559403497	     9253.488851	     9246.269909	 0.0007807409824
  161	     161.8090452	             162	    0.3692870343	    0.3672198713	  0.005629224116	     9253.868225	     9246.647107	 0.0007809444825
  162	     162.8140704	             163	    0.3536022923	     0.351610624	  0.005664414493	      9254.23137	     9247.008272	 0.0007811280889
  163	     163.8190955	             164	    0.3385837289	    0.3366648718	  0.005699606101	     9254.579202	     9247.354085	 0.0007813172601
  164	     164.8241206	             165	    0.3242030496	    0.3223544118	  0.005734798941	     9254.912154	     9247.685198	 0.0007814880833
  165	     165.8291457	             166	    0.3104331614	    0.3086522401	  0.005769993012	     9255.231066	     9248.002237	 0.0007816639031
  166	     166.8341709	             167	    0.2972481221	    0.2955325003	  0.005805188315	     9255.536336	       9248.3058	 0.0007818228009
  167	      167.839196	             168	    0.2846230915	    0.2829704353	   0.00584038485	     9255.828734	     9248.596459	 0.0007819861831
  168	     168.8442211	             169	    0.2725342844	    0.2709423402	  0.005875582616	     9256.108622	     9248.874763	 0.0007821339587
  169	     169.8492462	             170	    0.2609589255	    0.2594255179	  0.005910781614	     9256.376709	     9249.141238	 0.0007822857571
  170	     170.8542714	             171	    0.2498752073	    0.2483982359	  0.005945981843	     9256.633328	     9249.396386	 0.0007824231626
  171	     171.8592965	             172	    0.2392622483	    0.2378396856	  0.005981183305	     9256.879125	     9249.640688	  0.000782564175
  172	     172.8643216	             173	    0.2291000539	    0.2277299427	  0.006016385998	     9257.114408	     9249.874606	  0.000782691914
  173	     173.8693467	             174	    0.2193694788	      0.21804993	  0.006051589923	     9257.339769	      9250.09858	 0.0007828228854
  174	     174.8743719	             175	    0.2100521907	    0.2087813813	   0.00608679508	      9257.55549	     9250.313035	 0.0007829416163
  175	      175.879397	             176	    0.2011306362	    0.1999068064	  0.006122001469	     9257.762114	     9250.518374	 0.0007830632422
  176	     176.8844221	             177	    0.1925880072	    0.1914094591	   0.00615720909	       9257.9599	     9250.714984	 0.0007831735803
  177	     177.8894472	             178	    0.1844082096	    0.1832733047	  0.006192417943	     9258.149345	     9250.903237	   0.00078328651
  178	     178.8944724	             179	    0.1765758328	      0.17548299	  0.006227628028	     9258.330686	     9251.083488	 0.0007833890308
  179	     179.8994975	             180	    0.1690761209	    0.1680238147	  0.006262839345	      9258.50438	     9251.256078	   0.00078349387
  180	     180.9045226	             181	    0.1618949445	    0.1608817032	  0.006298051894	     9258.670644	     9251.421331	 0.0007835891109
  181	     181.9095477	             182	    0.1550187745	    0.1540431781	  0.006333265676	     9258.829897	      9251.57956	 0.0007836864248
  182	     182.9145729	             183	    0.1484346563	    0.1474953351	  0.006368480689	     9258.982337	     9251.731063	 0.0007837748881
  183	      183.919598	             184	    0.1421301856	    0.1412258182	  0.006403696935	      9259.12835	     9251.876126	 0.0007838652035
  184	     184.9246231	             185	    0.1360934849	    0.1352227969	  0.006438914414	     9259.268116	     9252.015023	 0.0007839473581
  185	     185.9296482	             186	    0.1303131812	    0.1294749432	  0.006474133124	     9259.401988	     9252.148016	 0.0007840311664
  186	     186.9346734	             187	    0.1247783846	     0.123971411	  0.006509353068	     9259.530134	     9252.275356	 0.0007841074502
  187	     187.9396985	             188	    0.1194786677	    0.1187018148	  0.006544574243	     9259.652876	     9252.397283	 0.0007841852093
  188	     188.9447236	             189	    0.1144040457	     0.113656211	  0.006579796651	     9259.770368	     9252.514028	 0.0007842560307
  189	     189.9497487	             190	    0.1095449584	    0.1088250783	  0.006615020292	     9259.882905	      9252.62581	 0.0007843281674
  190	     190.9547739	             191	    0.1048922513	    0.1041993004	  0.006650245165	     9259.990628	      9252.73284	 0.0007843939075
  191	      191.959799	             192	    0.1004371588	   0.09977014837	  0.006685471271	     9260.093808	     9252.835321	 0.0007844608194
  192	     192.9648241	             193	   0.09617128764	   0.09552926424	   0.00672069861	     9260.192575	     9252.933446	 0.0007845218339
  193	     193.9698492	             194	   0.09208660095	   0.09146864544	  0.006755927181	     9260.287177	       9253.0274	 0.0007845838911
  194	     194.9748744	             195	   0.08817540331	   0.08758062951	  0.006791156985	     9260.377732	     9253.117361	 0.0007846405114
  195	     195.9798995	             196	   0.08443032612	   0.08385787969	  0.006826388022	     9260.464468	     9253.203497	 0.0007846980589
  196	     196.9849246	             197	   0.08084431373	    0.0802933711	  0.006861620292	     9260.547494	     9253.285972	  0.000784750594
  197	     197.9899497	             198	   0.07741061017	   0.07688037745	  0.006896853795	     9260.627019	     9253.364942	 0.0007848039528
  198	     198.9949749	             199	   0.07412274644	   0.07361245836	   0.00693208853	     9260.703142	     9253.440554	 0.0007848526907
  199	             200	             200	   0.07097452826	   0.07048344722	  0.006967324499	     9260.776055	     9253.512953	 0.0007849021596
