    i	            Time	       Res.Pres.	        Aq.Pres.	        Wat.Flow	      Cumulative	         ExactQw	           Error	        ErrorRel	         ExactWe	         ErrorWe	      ErrorRelWe
    0	               0	             230	             250	             400	               0	             400	               0	               0	               0	               0	             nan
    1	     1.020408163	     230.4744677	     249.6116248	       382.74314	     399.2868011	     382.7428343	 0.0003057235194	 7.987700669e-07	     399.2938748	  0.007073787874	 1.771574351e-05
    2	     2.040816327	     230.9283976	     249.2400608	     366.2332655	     781.2899579	      366.230193	   0.00307247224	 8.389456408e-06	     781.3610483	    0.0710904309	 9.098281908e-05
    3	      3.06122449	     231.3627468	     248.8845245	     350.4355548	     1146.815168	     350.4299552	  0.005599566194	  1.59791311e-05	      1146.94473	    0.1295619757	  0.000112962702
    4	     4.081632653	     231.7783601	     248.5443245	     335.3192886	     1496.573211	     335.3113857	  0.007902908301	 2.356886356e-05	     1496.756067	    0.1828563817	 0.0001221684587
    5	     5.102040816	     232.1760457	     248.2187993	     320.8550724	     1831.244212	     320.8450753	  0.009997100572	 3.115865363e-05	     1831.475523	    0.2313115082	 0.0001262978976
    6	      6.12244898	     232.5565768	     247.9073158	     307.0147797	     2151.478961	     307.0028838	   0.01189590164	 3.874850131e-05	     2151.754207	    0.2752457005	 0.0001279168874
    7	     7.142857143	     232.9206935	     247.6092683	      293.771497	     2457.900175	     293.7578847	    0.0136122723	 4.633840659e-05	     2458.215134	    0.3149588435	  0.000128125012
    8	     8.163265306	     233.2691038	     247.3240774	     281.0994719	     2751.103711	     281.0843135	   0.01515841871	 5.392836947e-05	     2751.454444	    0.3507333618	 0.0001274719858
    9	     9.183673469	     233.6024851	     247.0511883	     268.9740629	     3031.659721	      268.957517	   0.01654583341	 6.151838994e-05	     3032.042556	    0.3828351683	  0.000126263125
   10	     10.20408163	     233.9214859	     246.7900704	     257.3716913	     3300.113764	     257.3539059	   0.01778533418	 6.910846804e-05	     3300.525279	     0.411514563	 0.0001246815365
   11	      11.2244898	     234.2267263	     246.5402161	     246.2697955	     3556.987868	     246.2509084	   0.01888710085	 7.669860375e-05	     3557.424875	    0.4370070852	 0.0001228436581
   12	     12.24489796	        234.5188	     246.3011394	     235.6467873	     3802.781539	     235.6269266	   0.01986071019	 8.428879704e-05	     3803.241073	    0.4595343215	 0.0001208270295
   13	     13.26530612	     234.7982749	     246.0723754	     225.4820095	      4037.97274	     225.4612943	   0.02071516907	 9.187904795e-05	     4038.452045	    0.4793046709	 0.0001186852451
   14	     14.28571429	     235.0656945	     245.8534793	      215.755696	     4263.018815	      215.734237	   0.02145894572	 9.946935645e-05	     4263.515329	    0.4965140706	 0.0001164564995
   15	     15.30612245	     235.3215787	     245.6440254	     206.4489333	     4478.357381	     206.4268333	   0.02209999951	 0.0001070597226	     4478.868728	     0.511346683	  0.000114168714
   16	     16.32653061	     235.5664252	     245.4436064	      197.543624	     4684.407178	     197.5209782	   0.02264580905	 0.0001146501463	     4684.931153	    0.5239755474	 0.0001118427422
   17	     17.34693878	     235.8007102	     245.2518327	     189.0224509	     4881.568882	     188.9993476	   0.02310339887	 0.0001222406277	     4882.103445	    0.5345631964	 0.0001094944428
   18	     18.36734694	      236.024889	     245.0683312	     180.8688443	     5070.225887	     180.8453649	    0.0234793647	 0.0001298311666	      5070.76915	     0.543262241	 0.0001071360626
   19	      19.3877551	     236.2393978	     244.8927452	     173.0669487	      5250.74505	     173.0431688	   0.02377989736	 0.0001374217632	     5251.295266	    0.5502159235	 0.0001047771827
   20	     20.40816327	     236.4446536	     244.7247332	      165.601593	     5423.477401	     165.5775822	   0.02401080546	 0.0001450124173	     5424.032959	    0.5555586425	  0.000102425381
   21	     21.42857143	     236.6410555	     244.5639686	     158.4582603	     5588.758829	     158.4340828	   0.02417753679	 0.0001526031291	     5589.318245	    0.5594164487	 0.0001000867054
   22	     22.44897959	     236.8289856	     244.4101386	       151.62306	     5746.910735	     151.5987748	   0.02428519874	 0.0001601938985	     5747.472642	    0.5619075156	 9.776601831e-05
   23	     23.46938776	     237.0088091	     244.2629441	     145.0827004	     5898.240655	     145.0583618	   0.02433857742	 0.0001677847255	     5898.803798	    0.5631425841	 9.546725122e-05
   24	     24.48979592	     237.1808758	      244.122099	     138.8244635	     6043.042861	     138.8001214	   0.02434215596	 0.0001753756101	     6043.606086	     0.563225384	   9.3193596e-05
   25	     25.51020408	     237.3455204	     243.9873294	     132.8361798	     6181.598929	     132.8118796	   0.02430013172	 0.0001829665523	     6182.161182	     0.562253033	 9.094765025e-05
   26	     26.53061224	     237.5030628	     243.8583731	     127.1062045	     6314.178291	     127.0819881	   0.02421643258	 0.0001905575522	     6314.738607	    0.5603164138	 8.873152932e-05
   27	     27.55102041	     237.6538096	     243.7349794	     121.6233955	     6441.038755	     121.5993008	   0.02409473238	 0.0001981486096	     6441.596256	    0.5575005318	 8.654695353e-05
   28	     28.57142857	     237.7980538	     243.6169084	      116.377091	     6562.427011	     116.3531526	   0.02393846558	 0.0002057397247	     6562.980896	    0.5538848525	 8.439531689e-05
   29	     29.59183673	      237.936076	     243.5039305	     111.3570893	     6678.579105	     111.3333385	   0.02375084101	 0.0002133308974	     6679.128649	    0.5495436215	 8.227774167e-05
   30	      30.6122449	     238.0681445	     243.3958259	     106.5536287	     6789.720903	     106.5300938	   0.02353485498	 0.0002209221276	     6790.265449	    0.5445461673	 8.019512218e-05
   31	     31.63265306	     238.1945161	     243.2923845	     101.9573684	     6896.068527	     101.9340751	   0.02329330366	 0.0002285134156	     6896.607484	    0.5389571868	 7.814816025e-05
   32	     32.65306122	     238.3154366	     243.1934051	     97.55937084	     6997.828776	     97.53634205	   0.02302879473	 0.0002361047611	     6998.361613	    0.5328370164	 7.613739412e-05
   33	     33.67346939	     238.4311411	     243.0986953	     93.35108376	     7095.199531	     93.32834001	   0.02274375847	 0.0002436961642	     7095.725773	    0.5262418874	 7.416322222e-05
   34	     34.69387755	     238.5418546	     243.0080708	     89.32432389	     7188.370135	     89.30188344	   0.02244045819	 0.0002512876249	      7188.88936	    0.5192241681	 7.222592283e-05
   35	     35.71428571	     238.6477924	     242.9213555	     85.47126094	     7277.521765	     85.44913994	   0.02212100015	 0.0002588791433	     7278.033597	    0.5118325927	 7.032567051e-05
   36	     36.73469388	     238.7491605	     242.8383807	     81.78440236	      7362.82778	     81.76261502	   0.02178734283	 0.0002664707193	     7363.331893	    0.5041124768	 6.846254986e-05
   37	     37.75510204	     238.8461561	      242.758985	     78.25657884	     7444.454065	     78.23513753	   0.02144130587	 0.0002740623529	     7444.950171	    0.4961059221	 6.663656717e-05
   38	      38.7755102	     238.9412741	     242.6811262	     74.79704118	     7524.500361	      74.8598457	   0.06280451861	 0.0008389613687	     7523.047199	     1.453162126	  0.000193161373
   39	     39.79591837	     239.0322162	     242.6066857	     71.48938892	     7601.032355	      71.6301738	      0.14078488	  0.001965440995	     7597.774894	      3.25746077	 0.0004287387842
   40	     40.81632653	      239.119137	     242.5355367	     68.32799344	     7674.180279	     68.53983935	    0.2118459169	  0.003090843499	     7669.278618	     4.901661055	 0.0006391293496
   41	     41.83673469	      239.202214	     242.4675341	     65.30640065	     7744.093468	     65.58283094	    0.2764302887	  0.004214979511	     7737.697463	     6.396005174	   0.00082660316
   42	     42.85714286	     239.2816172	     242.4025386	      62.4184284	     7810.914964	     62.75339649	    0.3349680892	  0.005337847957	      7803.16452	     7.750444576	 0.0009932437739
   43	     43.87755102	      239.357509	     242.3404174	     59.65816773	     7874.781488	     60.04603209	    0.3878643559	  0.006459450232	     7865.807137	     8.974350961	  0.001140931986
   44	     44.89795918	     239.4300448	     242.2810433	     57.01997099	     7935.823713	     57.45547127	    0.4355002782	  0.007579787765	     7925.747169	     10.07654424	  0.001271368367
   45	     45.91836735	     239.4993729	     242.2242949	      54.4984403	     7994.166536	      54.9766748	    0.4782345063	  0.008698861981	     7983.101213	      11.0653228	  0.001386093262
   46	     46.93877551	     239.5656351	      242.170056	     52.08841644	     8049.929329	     52.60482084	     0.516404393	  0.009816674305	     8037.980837	     11.94849228	    0.0014865042
   47	     47.95918367	     239.6289672	     242.1182156	     49.78496839	     8103.226187	     50.33529556	    0.5503271702	   0.01093322616	     8090.492794	     12.73339273	  0.001573871092
   48	     48.97959184	     239.6894985	     242.0686677	     47.58338316	     8154.166156	     48.16368422	    0.5803010629	   0.01204851897	     8140.739232	     13.42692445	  0.001649349532
   49	              50	     239.7473531	     242.0213109	     45.47915618	     8202.853465	     46.08576252	    0.6066063446	   0.01316255415	     8188.817892	     14.03557236	  0.001713992489
   50	     51.02040816	     239.8026492	     241.9760483	     43.46798209	     8249.387728	     44.09748842	    0.6295063369	   0.01427533312	     8234.822299	     14.56542916	  0.001768760591
   51	     52.04081633	        239.8555	     241.9327873	     41.54574591	     8293.864159	     42.19499426	    0.6492483552	   0.01538685729	     8278.841941	     15.02221721	  0.001814531225
   52	     53.06122449	     239.9060136	     241.8914394	     39.70851464	     8336.373758	     40.37457924	    0.6660646054	   0.01649712809	     8320.962448	     15.41130924	  0.001852106572
   53	     54.08163265	     239.9542935	     241.8519199	      37.9525292	     8377.003502	     38.63270223	    0.6801730316	   0.01760614692	     8361.265754	     15.73774802	  0.001882220765
   54	     55.10204082	     240.0004383	     241.8141481	     36.27419675	     8415.836522	     36.96597487	    0.6917781192	    0.0187139152	     8399.830257	     16.00626491	  0.001905546233
   55	     56.12244898	     240.0445425	     241.7780467	     34.67008333	     8452.952273	     35.37115499	     0.701071655	   0.01982043434	     8436.730976	     16.22129743	  0.001922699382
   56	     57.14285714	     240.0866963	     241.7435417	     33.13690684	     8488.426695	     33.84514028	    0.7082334464	   0.02092570574	     8472.039689	     16.38700596	  0.001934245655
   57	     58.16326531	      240.126986	     241.7105626	      31.6715303	     8522.332372	      32.3849623	    0.7134320019	   0.02202973082	     8505.825082	      16.5072894	  0.001940704076
   58	     59.18367347	     240.1654941	     241.6790418	     30.27095547	     8554.738675	     30.98778065	    0.7168251757	   0.02313251097	     8538.152875	     16.58580018	  0.001942551325
   59	     60.20408163	     240.2022992	      241.648915	     28.93231671	     8585.711911	     29.65087748	    0.7185607764	    0.0242340476	     8569.085953	     16.62595827	  0.001940225405
   60	      61.2244898	     240.2374767	     241.6201205	     27.65287507	     8615.315452	     28.37165222	    0.7187771438	   0.02533434212	     8598.684487	     16.63096455	  0.001934128944
   61	     62.24489796	     240.2710986	     241.5925993	     26.43001277	     8643.609868	     27.14761646	    0.7176036942	   0.02643339592	     8627.006054	     16.60381343	  0.001924632176
   62	     63.26530612	     240.3032337	     241.5662951	     25.26122773	     8670.653052	     25.97638917	    0.7151614359	   0.02753121041	     8654.105747	      16.5473048	  0.001912075642
   63	     64.28571429	     240.3339478	     241.5411542	     24.14412858	     8696.500335	     24.85569204	    0.7115634568	   0.02862778697	      8680.03628	     16.46405527	  0.001896772633
   64	     65.30612245	     240.3633035	      241.517125	     23.07642966	     8721.204602	     23.78334505	    0.7069153858	   0.02972312702	     8704.848094	     16.35650886	  0.001879011406
   65	     66.32653061	     240.3913612	     241.4941585	     22.05594641	     8744.816401	     22.75726223	    0.7013158284	   0.03081723193	     8728.589454	     16.22694708	  0.001859057201
   66	     67.34693878	      240.418178	     241.4722076	     21.08059084	     8767.384041	     21.77544762	    0.6948567788	   0.03191010311	     8751.306542	      16.0774985	  0.001837154078
   67	     68.36734694	      240.443809	     241.4512274	     20.14836734	     8788.953697	     20.83599135	    0.6876240097	   0.03300174194	     8773.043549	     15.91014771	  0.001813526585
   68	      69.3877551	     240.4683065	     241.4311749	     19.25736852	     8809.569502	     19.93706596	    0.6796974398	   0.03409214982	     8793.842759	     15.72674385	  0.001788381289
   69	     70.40816327	     240.4917207	     241.4120093	     18.40577135	     8829.273638	     19.07692284	     0.671151482	   0.03518132813	     8813.744629	     15.52900868	  0.001761908171
   70	     71.42857143	     240.5140995	     241.3936911	     17.59183342	      8848.10642	     18.25388879	    0.6620553719	   0.03626927826	     8832.787875	     15.31854416	  0.001734281902
   71	     72.44897959	     240.5354886	     241.3761831	     16.81388935	      8866.10638	     17.46636283	    0.6524734778	   0.03735600159	      8851.00954	     15.09683964	  0.001705663017
   72	     73.46938776	     240.5559319	     241.3594492	     16.07034744	     8883.310348	     16.71281304	    0.6424655943	   0.03844149952	      8868.44507	     14.86527864	  0.001676198986
   73	     74.48979592	     240.5754711	     241.3434554	     15.35968636	     8899.753525	     15.99177358	    0.6320872188	   0.03952577341	     8885.128379	     14.62514524	  0.001646025203
   74	     75.51020408	     240.5941463	     241.3281689	     14.68045205	     8915.469553	     15.30184186	     0.621389813	   0.04060882465	     8901.091922	     14.37763017	   0.00161526589
   75	     76.53061224	     240.6119956	     241.3135583	     14.03125476	     8930.490588	     14.64167581	    0.6104210492	   0.04169065462	     8916.366752	     14.12383646	  0.001584034938
   76	     77.55102041	     240.6290556	     241.2995939	      13.4107662	     8944.847365	     14.00999125	    0.5992250439	   0.04277126469	      8930.98258	     13.86478486	   0.00155243667
   77	     78.57142857	     240.6453611	      241.286247	     12.81771682	     8958.569259	      13.4055594	    0.5878425769	   0.04385065625	      8944.96784	     13.60141894	  0.001520566555
   78	     79.59183673	     240.6609456	     241.2734903	      12.2508932	     8971.684344	      12.8272045	    0.5763112986	   0.04492883066	     8958.349734	     13.33460984	  0.001488511862
   79	      80.6122449	      240.675841	     241.2612977	     11.70913559	     8984.219455	     12.27380151	    0.5646659263	    0.0460057893	     8971.154295	     13.06516085	  0.001456352262
   80	     81.63265306	     240.6900776	     241.2496444	     11.19133552	     8996.200241	     11.74427395	    0.5529384276	   0.04708153353	     8983.406429	     12.79381164	  0.001424160394
   81	     82.65306122	     240.7036846	     241.2385063	     10.69643355	     9007.651213	     11.23759174	    0.5411581955	   0.04815606474	     8995.129971	     12.52124228	  0.001392002375
   82	     83.67346939	       240.71669	     241.2278608	     10.22341707	     9018.595802	     10.75276929	    0.5293522112	   0.04922938428	     9006.347724	     12.24807707	  0.001359938285
   83	     84.69387755	     240.7291202	     241.2176861	     9.771318283	       9029.0564	     10.28886348	    0.5175451998	   0.05030149352	     9017.081512	      11.9748881	  0.001328022608
   84	     85.71428571	     240.7410007	     241.2079613	     9.339212152	     9039.054411	     9.844971927	    0.5057597751	   0.05137239383	     9027.352212	      11.7021986	  0.001296304645
   85	     86.73469388	     240.7523558	     241.1986666	      8.92621457	     9048.610291	     9.420231148	    0.4940165773	   0.05244208657	     9037.179805	     11.43048614	  0.001264828895
   86	     87.75510204	     240.7632088	     241.1897828	     8.531480521	     9057.743592	     9.013814923	    0.4823344023	    0.0535105731	     9046.583406	     11.16018562	  0.001233635409
   87	      88.7755102	     240.7735819	      241.181292	     8.154202356	     9066.473001	     8.624932679	    0.4707303232	   0.05457785478	     9055.581309	     10.89169207	  0.001202760121
   88	     89.79591837	     240.7834962	     241.1731766	     7.793608143	     9074.816379	     8.252827948	    0.4592198052	   0.05564393297	     9064.191016	     10.62536332	   0.00117223515
   89	     90.81632653	     240.7929721	     241.1654201	     7.448960086	     9082.790797	     7.896776899	    0.4478168132	   0.05670880903	     9072.429275	     10.36152249	   0.00114208909
   90	     91.83673469	      240.802029	     241.1580066	     7.119553017	     9090.412572	     7.556086931	    0.4365339137	   0.05777248432	     9080.312112	     10.10046035	  0.001112347266
   91	     92.85714286	     240.8106853	      241.150921	      6.80471295	     9097.697297	      7.23009532	    0.4253823703	   0.05883496018	      9087.85486	     9.842437505	  0.001083031987
   92	     93.87755102	     240.8189589	     241.1441487	     6.503795705	     9104.659878	     6.918167938	    0.4143722331	   0.05989623797	     9095.072192	     9.587686499	   0.00105416277
   93	     94.89795918	     240.8268666	     241.1376758	     6.216185588	     9111.314561	     6.619698012	    0.4035124239	   0.06095631904	     9101.978147	     9.336413761	  0.001025756556
   94	     95.91836735	     240.8344245	     241.1314893	     5.941294133	      9117.67496	     6.334104948	    0.3928108152	   0.06201520474	     9108.586159	     9.088801441	 0.0009978279046
   95	     96.93877551	     240.8416483	     241.1255763	     5.678558897	     9123.754091	     6.060833202	    0.3822743047	   0.06307289642	     9114.909082	     8.845009143	 0.0009703891792
   96	     97.95918367	     240.8485526	     241.1199247	     5.427442309	     9129.564392	     5.799351194	    0.3719088859	   0.06412939542	     9120.959216	     8.605175539	 0.0009434507199
   97	     98.97959184	     240.8551516	     241.1145231	      5.18743057	      9135.11775	     5.549150283	    0.3617197136	   0.06518470309	      9126.74833	     8.369419902	 0.0009170210024
   98	             100	     240.8614588	     241.1093604	     4.958032603	     9140.425528	     5.309743768	    0.3517111658	   0.06623882077	     9132.287684	      8.13784353	 0.0008911067863
   99	     101.0204082	      240.867487	      241.104426	     4.738779046	     9145.498585	     5.080665948	    0.3418869019	   0.06729174981	     9137.588054	     7.910531091	 0.0008657132543
  100	     102.0408163	     240.8732487	     241.0997098	     4.529221296	     9150.347303	     4.861471213	    0.3322499167	   0.06834349154	     9142.659751	     7.687551883	 0.0008408441408
  101	     103.0612245	     240.8787556	     241.0952021	     4.328930585	     9154.981602	     4.651733177	    0.3228025922	   0.06939404731	     9147.512641	     7.468961016	 0.0008165018524
  102	     104.0816327	     240.8840189	     241.0908938	     4.137497107	     9159.410962	     4.451043852	    0.3135467446	   0.07044341845	     9152.156162	     7.254800514	 0.0007926875794
  103	     105.1020408	     240.8890495	      241.086776	     3.954529179	     9163.644449	     4.259012849	    0.3044836698	   0.07149160629	     9156.599348	     7.045100363	 0.0007694014005
  104	      106.122449	     240.8938577	     241.0828403	     3.779652437	     9167.690722	     4.075266622	     0.295614185	   0.07253861218	     9160.850843	     6.839879472	 0.0007466423796
  105	     107.1428571	     240.8984532	     241.0790786	     3.612509075	     9171.558062	     3.899447744	    0.2869386686	   0.07358443744	     9164.918915	     6.639146591	 0.0007244086557
  106	     108.1632653	     240.9028455	     241.0754833	     3.452757108	      9175.25438	     3.731214204	    0.2784570961	    0.0746290834	     9168.811479	     6.442901158	 0.0007026975276
  107	     109.1836735	     240.9070435	      241.072047	     3.300069675	     9178.787241	      3.57023875	    0.2701690753	    0.0756725514	     9172.536107	     6.251134099	 0.0006815055319
  108	     110.2040816	      240.911056	     241.0687627	     3.154134367	     9182.163871	     3.416208246	    0.2620738784	   0.07671484276	     9176.100043	      6.06382857	 0.0006608285156
  109	     111.2244898	     240.9148909	     241.0656236	     3.014652595	     9185.391181	     3.268823066	    0.2541704717	   0.07775595882	      9179.51022	     5.880960657	 0.0006406617037
  110	      112.244898	     240.9185563	     241.0626233	     2.881338969	     9188.475773	     3.127796513	     0.246457544	   0.07879590088	     9182.773273	      5.70250002	 0.0006209997623
  111	     113.2653061	     240.9220596	     241.0597556	     2.753920724	     9191.423958	     2.992854256	    0.2389335328	   0.07983467029	     9185.895548	     5.528410505	  0.000601836857
  112	     114.2857143	      240.925408	     241.0570148	     2.632137153	      9194.24177	     2.863733802	    0.2315966485	   0.08087226836	     9188.883119	     5.358650708	 0.0005831667068
  113	     115.3061224	     240.9286083	     241.0543952	     2.515739082	     9196.934972	      2.74018398	    0.2244448977	   0.08190869641	     9191.741797	     5.193174503	 0.0005649826352
  114	     116.3265306	     240.9316671	     241.0518915	     2.404488353	     9199.509076	     2.621964457	     0.217476104	   0.08294395576	     9194.477144	     5.031931532	 0.0005472776161
  115	     117.3469388	     240.9345906	     241.0494984	     2.298157342	     9201.969348	      2.50884527	    0.2106879278	   0.08397804773	      9197.09448	     4.874867666	 0.0005300443175
  116	     118.3673469	     240.9373848	     241.0472112	     2.196528488	     9204.320822	     2.400606373	    0.2040778851	   0.08501097364	     9199.598896	     4.721925428	 0.0005132751418
  117	     119.3877551	     240.9400555	     241.0450251	     2.099393854	     9206.568309	     2.297037218	    0.1976433642	    0.0860427348	     9201.995265	     4.573044387	 0.0004969622626
  118	     120.4081633	      240.942608	     241.0429358	     2.006554697	     9208.716409	     2.197936339	    0.1913816417	   0.08707333252	     9204.288247	     4.428161531	 0.0004810976593
  119	     121.4285714	     240.9450477	     241.0409388	     1.917821063	     9210.769515	      2.10311096	    0.1852898972	   0.08810276812	     9206.482303	     4.287211604	 0.0004656731488
  120	     122.4489796	     240.9473795	     241.0390301	     1.833011397	     9212.731829	     2.012376624	    0.1793652272	    0.0891310429	     9208.581702	     4.150127422	 0.0004506804149
  121	     123.4693878	     240.9496082	     241.0372058	     1.751952174	     9214.607366	     1.925556832	    0.1736046574	   0.09015815819	     9210.590526	     4.016840168	 0.0004361110351
  122	     124.4897959	     240.9517383	     241.0354622	     1.674477544	     9216.399963	     1.842482699	    0.1680051548	   0.09118411527	     9212.512683	     3.887279662	 0.0004219565058
  123	     125.5102041	     240.9537742	     241.0337957	     1.600428988	     9218.113288	     1.762992625	     0.162563638	   0.09220891546	     9214.351914	     3.761374611	 0.0004082082653
  124	     126.5306122	     240.9557201	     241.0322029	     1.529654998	     9219.750847	     1.686931986	    0.1572769877	   0.09323256007	     9216.111794	      3.63905284	 0.0003948577145
  125	     127.5510204	     240.9575799	     241.0306805	     1.462010768	     9221.315989	     1.614152824	    0.1521420557	   0.09425505039	     9217.795748	     3.520241506	 0.0003818962366
  126	     128.5714286	     240.9593575	     241.0292254	     1.397357894	     9222.811919	     1.544513567	    0.1471556735	   0.09527638773	     9219.407051	     3.404867293	 0.0003693152145
  127	     129.5918367	     240.9610565	     241.0278347	     1.335564091	     9224.241695	     1.477878751	    0.1423146596	   0.09629657339	     9220.948838	     3.292856594	 0.0003571060475
  128	     130.6122449	     240.9626804	     241.0265055	     1.276502927	     9225.608244	     1.414118754	    0.1376158273	   0.09731560866	     9222.424108	     3.184135673	 0.0003452601654
  129	     131.6326531	     240.9642324	     241.0252351	     1.220053559	     9226.914361	      1.35310955	     0.133055991	   0.09833349485	     9223.835731	     3.078630821	 0.0003337690427
  130	     132.6530612	     240.9657158	     241.0240209	     1.166100489	      9228.16272	     1.294732461	     0.128631972	   0.09935023325	     9225.186451	     2.976268492	 0.0003226242101
  131	     133.6734694	     240.9671336	     241.0228603	     1.114533325	     9229.355874	     1.238873929	    0.1243406042	    0.1003658251	     9226.478898	     2.876975426	 0.0003118172662
  132	     134.6938776	     240.9684888	     241.0217511	     1.065246559	     9230.496264	     1.185425298	    0.1201787389	    0.1013802718	     9227.715585	     2.780678773	 0.0003013398872
  133	     135.7142857	     240.9697839	     241.0206909	     1.018139346	     9231.586224	     1.134282596	    0.1161432496	    0.1023935746	     9228.898918	     2.687306189	  0.000291183836
  134	     136.7346939	     240.9710219	     241.0196776	    0.9731153033	     9232.627984	     1.085346339	    0.1122310357	    0.1034057348	     9230.031198	     2.596785933	 0.0002813409702
  135	      137.755102	      240.972205	     241.0187091	    0.9300823086	     9233.623675	     1.038521335	    0.1084390264	    0.1044167536	     9231.114628	     2.509046954	 0.0002718032496
  136	     138.7755102	     240.9733359	     241.0177835	    0.8889523141	     9234.575335	     0.993716498	     0.104764184	    0.1054266324	     9232.151316	     2.424018967	 0.0002625627423
  137	     139.7959184	     240.9744167	     241.0168988	    0.8496411655	     9235.484911	    0.9508446724	    0.1012035068	    0.1064353724	     9233.143279	      2.34163252	 0.0002536116303
  138	     140.8163265	     240.9754498	     241.0160532	    0.8120684302	     9236.354264	    0.9098224622	   0.09775403206	     0.107442975	     9234.092445	     2.261819057	  0.000244942215
  139	     141.8367347	     240.9764371	      241.015245	     0.776157232	     9237.185172	    0.8705700698	   0.09441283772	    0.1084494413	     9235.000661	     2.184510972	  0.000236546921
  140	     142.8571429	     240.9773808	     241.0144725	    0.7418340948	     9237.979336	    0.8330111399	   0.09117704505	    0.1094547728	     9235.869694	     2.109641656	 0.0002284183001
  141	      143.877551	     240.9782828	     241.0137342	    0.7090287915	     9238.738381	    0.7970726117	   0.08804382019	    0.1104589706	     9236.701235	     2.037145539	 0.0002205490345
  142	     144.8979592	     240.9791448	     241.0130286	    0.6776742006	     9239.463859	    0.7626845764	   0.08501037575	    0.1114620361	     9237.496901	     1.966958128	 0.0002129319391
  143	     145.9183673	     240.9799688	     241.0123541	    0.6477061689	     9240.157255	    0.7297801411	   0.08207397221	    0.1124639704	     9238.258239	     1.899016035	 0.0002055599645
  144	     146.9387755	     240.9807563	     241.0117095	    0.6190633801	     9240.819988	    0.6982952991	   0.07923191899	     0.113464775	     9238.986731	     1.833257007	 0.0001984261977
  145	     147.9591837	      240.981509	     241.0110934	    0.5916872294	     9241.453413	    0.6681688048	   0.07648157545	     0.114464451	     9239.683793	     1.769619945	 0.0001915238643
  146	     148.9795918	     240.9822284	     241.0105045	    0.5655217038	     9242.058827	    0.6393420554	   0.07382035164	    0.1154629998	     9240.350782	     1.708044922	 0.0001848463292
  147	             150	      240.982916	     241.0099417	     0.540513267	     9242.637469	    0.6117589759	   0.07124570889	    0.1164604226	     9240.988996	       1.6484732	  0.000178387097
  148	     151.0204082	     240.9835732	     241.0094037	    0.5166107506	     9243.190522	    0.5853659109	   0.06875516032	    0.1174567207	     9241.599675	     1.590847238	 0.0001721398127
  149	     152.0408163	     240.9842013	     241.0088896	    0.4937652485	     9243.719118	    0.5601115196	   0.06634627112	    0.1184518954	     9242.184008	     1.535110698	 0.0001660982617
  150	     153.0612245	     240.9848017	     241.0083982	    0.4719300176	     9244.224339	    0.5359466763	   0.06401665874	    0.1194459478	      9242.74313	     1.481208454	  0.000160256369
  151	     154.0816327	     240.9853755	     241.0079285	    0.4510603818	     9244.707217	    0.5128243748	   0.06176399302	    0.1204388794	     9243.278131	     1.429086591	 0.0001546081997
  152	     155.1020408	     240.9859239	     241.0074796	    0.4311136407	     9245.168742	    0.4906996368	    0.0595859961	    0.1214306913	      9243.79005	     1.378692404	 0.0001491479574
  153	      156.122449	     240.9864481	     241.0070505	    0.4120489821	     9245.609858	    0.4695294245	   0.05748044233	    0.1224213848	     9244.279883	     1.329974397	 0.0001438699838
  154	     157.1428571	     240.9869491	     241.0066404	    0.3938273987	     9246.031466	    0.4492725568	   0.05544515805	    0.1234109612	     9244.748584	     1.282882275	 0.0001387687576
  155	     158.1632653	     240.9874279	     241.0062485	    0.3764116081	      9246.43443	    0.4298896294	   0.05347802127	    0.1243994217	     9245.197063	     1.237366941	 0.0001338388931
  156	     159.1836735	     240.9878856	     241.0058739	    0.3597659766	     9246.819575	     0.411342938	   0.05157696135	    0.1253867676	     9245.626194	     1.193380484	 0.0001290751388
  157	     160.2040816	      240.988323	     241.0055158	    0.3438564463	     9247.187687	    0.3935964049	   0.04973995852	    0.1263730001	     9246.036811	      1.15087617	  0.000124472376
  158	     161.2244898	     240.9887411	     241.0051736	    0.3286504655	     9247.539521	    0.3766155089	    0.0479650434	    0.1273581206	     9246.429712	     1.109808434	 0.0001200256173
  159	      162.244898	     240.9891406	     241.0048465	    0.3141169219	     9247.875796	    0.3603672183	   0.04625029645	    0.1283421302	     9246.805663	      1.07013286	 0.0001157300044
  160	     163.2653061	     240.9895226	     241.0045339	    0.3002260789	       9248.1972	    0.3448199263	   0.04459384739	    0.1293250302	     9247.165394	     1.031806174	 0.0001115808067
  161	     164.2857143	     240.9898876	     241.0042351	    0.2869495153	     9248.504392	    0.3299433898	   0.04299387453	    0.1303068219	     9247.509605	    0.9947862271	 0.0001075734192
  162	     165.3061224	     240.9902365	     241.0039495	    0.2742600663	     9248.797998	    0.3157086704	   0.04144860411	    0.1312875065	     9247.838966	    0.9590319774	 0.0001037033604
  163	     166.3265306	       240.99057	     241.0036765	    0.2621317687	     9249.078621	    0.3020880783	   0.03995630961	    0.1322670852	     9248.154118	    0.9245034767	 9.996627056e-05
  164	     167.3469388	     240.9908887	     241.0034157	    0.2505398073	     9249.346834	    0.2890551183	   0.03851531093	    0.1332455594	     9248.455672	    0.8911618519	 9.635790919e-05
  165	     168.3673469	     240.9911933	     241.0031663	    0.2394604644	     9249.603187	    0.2765844381	   0.03712397373	    0.1342229302	     9248.744217	    0.8589692872	 9.287415319e-05
  166	     169.3877551	     240.9914844	      241.002928	    0.2288710708	     9249.848202	    0.2646517794	   0.03578070856	    0.1351991989	     9249.020313	    0.8278890066	 8.951099452e-05
  167	     170.4081633	     240.9917627	     241.0027002	    0.2187499603	     9250.082383	    0.2532339304	   0.03448397011	    0.1361743668	     9249.284498	    0.7978852545	 8.626453804e-05
  168	     171.4285714	     240.9920287	     241.0024825	    0.2090764243	     9250.306208	    0.2423086806	   0.03323225633	     0.137148435	     9249.537285	    0.7689232769	 8.313099923e-05
  169	     172.4489796	     240.9922829	     241.0022744	    0.1998306703	     9250.520135	     0.231854778	   0.03202410765	    0.1381214048	     9249.779166	    0.7409693026	 8.010670193e-05
  170	     173.4693878	     240.9925259	     241.0020755	    0.1909937811	     9250.724602	    0.2218518872	   0.03085810611	    0.1390932775	     9250.010611	    0.7139905229	 7.718807609e-05
  171	     174.4897959	     240.9927581	     241.0018855	    0.1825476757	     9250.920027	    0.2122805502	   0.02973287452	    0.1400640543	     9250.232072	    0.6879550724	 7.437165545e-05
  172	     175.5102041	       240.99298	     241.0017038	    0.1744750731	     9251.106809	    0.2031221487	   0.02864707558	    0.1410337365	     9250.443977	    0.6628320092	 7.165407528e-05
  173	     176.5306122	     240.9931922	     241.0015301	    0.1667594562	     9251.285332	    0.1943588672	   0.02759941106	    0.1420023251	     9250.646741	    0.6385912946	 6.903207014e-05
  174	     177.5510204	     240.9933949	     241.0013642	    0.1593850384	     9251.455961	    0.1859736593	    0.0265886209	    0.1429698216	     9250.840757	    0.6152037739	 6.650247152e-05
  175	     178.5714286	     240.9935887	     241.0012055	    0.1523367313	     9251.619043	    0.1779502137	   0.02561348237	    0.1439362272	     9251.026402	    0.5926411558	 6.406220565e-05
  176	     179.5918367	     240.9937739	     241.0010539	    0.1456001136	     9251.774914	    0.1702729228	   0.02467280924	    0.1449015429	     9251.204038	    0.5708759931	 6.170829124e-05
  177	     180.6122449	      240.993951	      241.000909	    0.1391614019	     9251.923892	    0.1629268527	   0.02376545086	    0.1458657702	     9251.374011	    0.5498816624	 5.943783721e-05
  178	     181.6326531	     240.9941202	     241.0007705	    0.1330074221	     9252.066282	    0.1558977135	   0.02289029138	    0.1468289102	      9251.53665	    0.5296323452	 5.724804054e-05
  179	     182.6530612	     240.9942819	     241.0006382	     0.127125583	     9252.202375	    0.1491718318	   0.02204624885	    0.1477909642	     9251.692272	    0.5101030077	 5.513618403e-05
  180	     183.6734694	     240.9944364	     241.0005116	    0.1215038498	      9252.33245	    0.1427361243	   0.02123227443	    0.1487519333	     9251.841181	     0.491269382	 5.309963416e-05
  181	     184.6938776	     240.9945842	     241.0003907	    0.1161307204	     9252.456773	    0.1365780719	   0.02044735154	    0.1497118187	     9251.983665	    0.4731079466	 5.113583895e-05
  182	     185.7142857	     240.9947254	     241.0002751	    0.1109952008	     9252.575598	    0.1306856959	   0.01969049506	    0.1506706218	     9252.120002	    0.4555959077	 4.924232582e-05
  183	     186.7346939	     240.9948603	     241.0001647	    0.1060867836	     9252.689168	    0.1250475341	   0.01896075049	    0.1516283438	     9252.250457	    0.4387111803	 4.741669957e-05
  184	      187.755102	     240.9949893	     241.0000591	    0.1013954259	     9252.797716	     0.119652619	   0.01825719318	    0.1525849858	     9252.375284	      0.42243237	 4.565664028e-05
  185	     188.7755102	     240.9951126	     240.9999582	   0.09691152883	     9252.901464	    0.1144904564	   0.01757892753	     0.153540549	     9252.494725	    0.4067387548	  4.39599013e-05
  186	     189.7959184	     240.9952304	     240.9998617	   0.09262591819	     9253.000624	    0.1095510044	   0.01692508624	    0.1544950348	     9252.609013	    0.3916102669	 4.232430727e-05
  187	     190.8163265	      240.995343	     240.9997695	   0.08852982532	     9253.095398	    0.1048246548	   0.01629482951	    0.1554484442	     9252.718371	    0.3770274753	  4.07477522e-05
  188	     191.8367347	     240.9954507	     240.9996814	   0.08461486942	     9253.185982	    0.1003022137	   0.01568734432	    0.1564007786	     9252.823011	    0.3629715684	 3.922819749e-05
  189	     192.8571429	     240.9955536	     240.9995972	   0.08087304024	      9253.27256	   0.09597488393	   0.01510184369	    0.1573520391	     9252.923136	     0.349424337	 3.776367013e-05
  190	      193.877551	     240.9956519	     240.9995167	   0.07729668182	     9253.355309	   0.09183424774	   0.01453756592	    0.1583022269	     9253.018941	    0.3363681574	 3.635226077e-05
  191	     194.8979592	     240.9957459	     240.9994398	   0.07387847671	     9253.434399	   0.08787225067	   0.01399377396	    0.1592513433	     9253.110613	    0.3237859753	 3.499212198e-05
  192	     195.9183673	     240.9958357	     240.9993663	   0.07061143108	     9253.509992	   0.08408118569	   0.01346975461	    0.1601993894	      9253.19833	    0.3116612893	 3.368146647e-05
  193	     196.9387755	     240.9959216	      240.999296	   0.06748886038	     9253.582241	   0.08045367831	   0.01296481793	    0.1611463665	     9253.282263	    0.2999781354	 3.241856531e-05
  194	     197.9591837	     240.9960036	     240.9992288	   0.06450437564	     9253.651296	   0.07698267216	   0.01247829652	    0.1620922757	     9253.362575	    0.2887210715	  3.12017463e-05
  195	     198.9795918	      240.996082	     240.9991646	   0.06165187045	     9253.717297	   0.07366141534	    0.0120095449	    0.1630371184	     9253.439422	    0.2778751621	 3.002939226e-05
  196	             200	      240.996157	     240.9991033	   0.05892550841	     9253.780379	   0.07048344722	    0.0115579388	    0.1639808956	     9253.512953	    0.2674259638	 2.889993942e-05
